velocity,omega
0.0002166333307687364,0.07578540457525662
9.832598842618719e-05,-0.018417897247573478
1.5297058540760993e-05,-0.018745236338446603
4.9254441424068244e-05,0.003273287909863143
0.00011350770898936141,-0.01909952482479582
0.00016205246064148002,-0.008008838716392574
0.00023905857022923292,-0.017859953777232818
0.00024675899173072865,0.04236771947242346
0.00021768095920405477,0.06103433842400818
0.00024613004692638525,0.021834988973765235
0.00019849433241281606,0.012555951088117467
0.00042180682782534386,-0.01781915589623395
0.0002174626404695005,0.012312878153124984
1.4317821063230577e-05,-0.01804093476236801
3.417601498126532e-05,-0.02019950260429937
0.0001528823076749256,-0.024730013237913795
0.0005102019208116557,-0.01790943875178641
6.217716622679162e-05,0.007907613286135984
0.0001004091629284724,0.003702108138298854
8.736704184090106e-05,0.010015549631987142
0.00010868302535349447,-0.0039330557941070765
0.0006162093799999458,-0.01829957863525067
6.767569726280417e-05,-0.01306860521026465
9.436630754669155e-05,0.005285741618919815
0.00012432618388740114,-0.019807823951964565
0.00014101418368394814,-0.02180887151351385
0.0006948129244623029,-0.018090098704163893
0.00020602184350205233,-0.06276399190304005
6.802940540675154e-05,-0.03297200511279641
0.0002720165436145651,0.01075224531547292
0.0002960760037557965,0.02931401969374292
0.0007238742984800226,-0.017277156052458054
0.0002069299398347688,-0.006951519963877217
1.9924858845253888e-05,-0.052700147992297275
0.0001398177385026778,-0.058607542264667245
3.3541019662418676e-05,-0.06139695512712251
0.0007258870435544714,-0.01729753299119352
0.0002163792966066972,-0.024150197543065133
0.00027241328895637624,-0.0006603203072899078
0.00018828170383751046,-0.009664253202529949
0.00015646405337970036,-0.049189310617990145
0.000739540397814863,-0.017678820116685756
0.00037497333238512215,-0.0485819847751543
0.00026325083095794495,-0.04316237463947914
0.00023520416662977322,-0.05185038589065982
6.549045732011461e-05,-0.042443287127724716
0.0006779417379096604,-0.01738477518193804
0.00019549424543953596,-0.06097576403338678
0.00011870130580572067,-0.06578500955521349
0.00024382165613417103,-0.04242924523776992
0.0001544862453424644,-0.046283269278490025
0.0006293822368005202,-0.017409442925668372
8.731551981168415e-05,-0.03310049333337872
0.00030074573978690106,0.08585209286246709
0.00010945775440793999,-0.047292917619088826
8.514693182952484e-05,-0.044511075239995535
0.0006529081099204595,-0.017414865256697
6.1008196170765974e-05,-0.03055827223772667
5.830951894843896e-05,-0.013420309439254652
0.00014477914214407802,-0.0018589271521989303
0.000100463923873099,-0.009050185403395972
0.0006487780822437088,-0.017555670175170235
0.00010907336980208066,-0.03398951008351503
0.00010149384217787461,-0.033674938562754164
7.317103251969887e-05,-0.015238909095330655
5.166236541234999e-05,-0.013200983689557688
0.0006455152980372185,-0.017419364996911213
0.00015071164520364497,-0.01959616966593103
7.21110255093519e-05,-0.020619717267834403
0.00017085666507348125,0.0028755058069975803
0.0006400062499695763,-0.01744446634380381
0.00016565325230733053,0.00241758191344843
0.00017422973339815354,0.008819054997601938
0.00040215046935206084,0.017343496603032804
0.00022867444107284445,-0.013689400465239032
0.00024026027553473666,-0.020197058680835767
0.0005967595830819112,-0.01699622918582122
0.0002248644035857563,-0.017632297466107616
8.438601779922543e-05,-0.008418858871067414
0.0003367862823810649,0.0033830688667109143
0.0003642155954925124,-0.0018851702308353424
0.0005610570380987002,-0.016925398604840325
0.00018963649437809133,0.005338834672059534
0.00027846902879848827,0.00514545986493431
0.00022575429121064603,0.012303444167642397
0.00022629184695873567,0.0033670809940815616
0.0005320150373815298,-0.017649798721905086
0.00025128668886356697,-0.005560047081957009
0.00017930142219175935,-0.0024694281630956993
9.928242543373372e-05,0.0007596815898551768
7.049113419427695e-05,0.00452219865722725
0.0005290037807049164,-0.017183869114759887
0.00014612323566084466,0.0158868132508303
0.00015047258886584147,0.016693501901869467
0.00010701868995651946,0.009138654677812497
0.00017640861656962245,-0.010669485398238976
0.0005454557727258315,-0.017046366800471446
0.000572000874125334,-0.017695514714688443
0.0014815279275127464,-0.014471863554518904
0.00017988885457406045,-0.011613319648873244
0.00019027611515904768,-0.013495416453167763
0.0004960040322415708,-0.016878406957843595
0.00017779201331884298,0.007435339073950331
0.00019024457942348912,0.0026323184802379274
0.00020056171120133882,0.003969012755177914
0.0005009191551537351,0.010923771296276641
0.0004598021313565764,-0.017743540264916646
0.00036985537714094655,-0.011263367104618283
0.00015519342769575533,-0.008352903351621421
0.00015764834283943493,-0.011072121683440628
0.00018247191564734673,-0.014505736041414252
0.0004385533034877164,-0.016924631290891057
0.00016063934760810963,-0.013919722734456741
0.0002075114454675811,-0.017382379170513218
0.00018821530224721447,-0.028056561981927075
0.00014464093473139753,-0.02722656409652302
0.00042145581025774387,-0.01752129094609245
0.000183980977277671,-0.024031324782455954
0.0001711286066090466,-0.02605473747834708
0.00022574321695243368,-0.023477487892293425
0.00033959093038539575,-0.0401342499438897
0.0003960202015050075,-0.017592059349198053
0.00041860721446230527,-0.01716147033643267
0.0013200094696629453,-0.03658353003746129
0.000252578700606455,-0.01978650601638776
8.075270893274668e-05,-0.022904567738194714
0.0003260383413036263,-0.017025772781479986
0.00010704204781285386,0.0012594348053767135
0.00013767352686700136,-0.0006589858057566289
7.816009211869396e-05,-0.008124948050820535
0.00023031500168239837,-0.028693077319999816
0.0003346296460268077,-0.017395283068367462
0.00014201408380870115,-0.025669606857874783
0.00027624083695204356,-0.03161978349791639
0.00010816653826392008,-0.021470609532102003
5.922837157987076e-05,-0.0220032040024023
0.00033700148367642445,-0.017121306060616348
7.006425622242686e-05,-0.01745906265462338
5.660388679236681e-05,-0.014821172384642978
0.00020028230076565796,-0.009005987021097894
0.00011624973118257776,-0.005701460126601887
0.0003398426106303731,-0.017029594323219044
0.0001976183189890175,-0.0072112672806952105
0.0001423692382503771,-0.0067666357897451235
0.0003439491241448808,-0.017840337940896234
0.0009788794614252517,-0.005646979792501838
0.0003005927477501777,-0.01651020199497566
0.0003692384053697681,-0.013732077021316513
0.00033100604224082657,-0.02828733312868792
0.00028246946737659314,-0.01680111543667806
0.0006962557001562023,-0.010990785559656047
0.0002632299375071349,-0.017357020655538236
0.000282455306199026,-0.016513157081647023
0.0014613640887882052,0.0332945886202225
0.00017328877632434683,-0.017028818636177334
0.001175728710204814,0.058519268774915645
0.00012163058825802533,-0.016353198109044342
0.0001369269878438572,-0.016631134861555097
0.0005045245286406786,0.011703991241617473
0.00012065239326258852,-0.016480905901516962
0.0008859102663363495,0.0515910119105456
0.00012228654872875724,-0.016301664088445023
0.00013029965464272334,-0.016263049950126174
0.0003696822960327242,0.009364894088946585
0.00013729530217731207,-0.016188683547881055
0.0002892144533041926,0.007679800992733021
0.00014669696656713634,-0.01660660018215765
0.00015144966160404727,-0.016399799119952263
0.0001976689151080155,-0.0026993417669984865
0.00015652475842496805,-0.016069677584681585
0.0005460595205653579,0.008819965905317417
0.00017685304634062782,-0.016846097679845684
0.00018094197965102258,-0.016741885118733535
0.00019334942461767034,0.012085029744739018
0.0001905465822312574,-0.016784644941537863
0.00016728717822953526,0.041537139474101537
0.00019420092687732934,-0.016542420888200127
0.000200179919072843,-0.01671009010898672
0.00020624742422626157,-0.016997627604339982
0.000217186555753422,-0.02295902450876497
0.00027449225854296193,0.005407508511410697
0.00021964061555184748,-0.03168672573842457
0.00022217110523185343,-0.03190855129069803
0.000251400079554495,0.01736940498290096
0.0002233786023773424,-0.03076599598738028
0.00023963513932641597,0.007167466792552091
0.00033685605234273075,-0.06918704238103146
0.00039790576773919643,-0.08536596813748076
9.918165152885655e-05,-0.03977141737860279
0.0005854912467321354,-0.0006996705237440892
0.0007696707088099351,0.0889042262255515
0.0008772057911345736,0.0951355771122877
0.001075595648931269,0.13106772204882589
0.0011412352956337182,0.20487286391127668
0.0014366380894295485,0.19365432702494445
0.00101986518716941,0.18071436809719899
0.001285421720681568,0.16484880543417546
0.0012752289990428738,0.2308857394509829
0.0009779637007577922,0.4463138590051443
0.0011282313592522037,0.6430874363216219
0.0005068826294124716,0.963225482400901
0.0009096394890284467,1.0241872474695128
0.0008918307014226642,1.1781661791858795
0.0012558256248380497,1.4486123079650355
0.0009324167523163151,1.5529504901574853
0.0006608850126911785,1.821438439536422
0.0008567082350485763,2.041783576659583
0.0003846881854177924,2.030216769314194
0.0007875665051283171,1.7416422460680394
0.0009258596005873838,1.9602129313300622
0.0005867674155916464,2.042797302640494
0.000846115831313862,2.0547821026061257
0.0008860124152628382,2.12736382398883
0.00016473008225575186,2.1024864200607
0.0010634829570800976,1.7891092715321548
0.0007365303795499649,1.6168950900747348
0.0009509621443569105,1.534634931405833
0.0008429104341507418,1.420866138275514
0.0008093114357279519,1.3399970594300896
0.001195215880081858,1.2454941149191399
0.0016512443792485582,1.1230863609131205
0.0018125059999900427,1.0089954970176933
0.002104279686733662,0.9050859799857989
0.002599371077780232,0.8824723346277636
0.002655622902446715,0.7308515537590097
0.003036893313898371,0.8180144981640751
0.0031496520442740273,0.6554346821857706
0.00345998973986919,0.6095234730309329
0.0033413507747616167,0.6527242660721697
0.00280132040295289,0.44935481624531803
0.002844068388769868,0.5789078230662881
0.002231111830455732,0.5739395954742434
0.0017792498419277923,0.6517208360881455
0.0019280770212831658,0.7952980439741353
0.0011515945467047138,0.7665027966016567
0.0016136669420917969,0.7399879799944671
0.0005997307729307257,0.6735970725264053
0.0005525223977359518,0.6634105189892878
0.0016440152067423266,0.6996130363665714
0.0007527237208965062,0.6050740570068953
0.001818607434274857,0.6096133040780458
0.0010116096084951968,0.4823935055940112
0.0011355443628499082,0.40957395410019615
0.0023949300616093036,0.3645359651438014
0.0013361205035474356,0.3229445221613503
0.0013868900461103074,0.30114103989456
0.002222402528796283,0.34864161494243007
0.0013751658081847151,0.34353303448367
0.0018348277848343375,0.4230019553821833
0.0012234921331989636,0.4690717350643183
0.001189840325421927,0.49206856761666984
0.0017786269985581207,0.48921034229134364
0.0012601257873719235,0.5115207859220376
0.0022343090654608467,0.5286095596918017
0.0015278353968931444,0.4588239875436315
0.0016150913286871477,0.4406993410930795
0.002543852196964294,0.4173719517228278
0.0018098983396863976,0.37061110111203277
0.0029547495663762744,0.41026005104741614
0.0018966929113590305,0.3597252809586422
0.0018490876128513703,0.38825784910099514
0.002533663355696592,0.4141763070806377
0.0017773308639643015,0.45214426027461485
0.0026078343505674746,0.47449981841391065
0.0018028299975316742,0.4756986811992263
0.001853874321522402,0.45333515930533963
0.003367791115850194,0.44281234065419284
0.0019790426978720074,0.4102943671720496
0.0034524796885716832,0.381727521227063
0.0027533116423680937,0.40793257638665636
0.0021165304155622467,0.33427774443229197
0.0024299146075531064,0.3058757618361838
0.0025746061834773775,0.2750078194937231
0.0033868362818416887,0.3121554689387054
0.0021516291502022907,0.2579532335073935
0.0034162494054151547,0.30905853244784964
0.0031278000255772005,0.31086144081123024
0.0029875751036583438,0.31627708587988224
0.0034647741629147185,0.3306332559321632
0.0031688125536231283,0.28391660767041316
0.002402835200341501,0.227588253752522
0.0029296847953321306,0.24962214386426496
0.003053555632373343,0.2687535084906756
0.0024443536978106524,0.26738106578829957
0.0031552186928958466,0.38207038787638226
0.0025419616440852093,0.3460260644837376
0.0029212279952101263,0.4135460122671617
0.0032152589320302294,0.45430429318652443
0.0031698771269562526,0.4685011837537161
0.003707597604918754,0.5302486712318739
0.003417164321480634,0.4754566240755267
0.003897005132149652,0.4987555498271945
0.004406285623969373,0.4837785352019637
0.004247650644768283,0.44068003676886036
0.004830908817189543,0.3459936576699505
0.004345623200416703,0.21749905348116982
0.004673340989056991,0.16492219776837658
0.005177558594550196,0.1233486660709815
0.004833663310575086,0.08494499733031802
0.005296497333143766,0.037368314093662036
0.004903855320051812,-0.023665013690980174
0.0050656648132303235,-0.06749291532105417
0.0050141863746774274,-0.0867235260154402
0.005204511984807061,-0.08206508639788979
0.005018435214287396,-0.09052979555916352
0.005591644212572855,-0.11217205632733851
0.0050454765879944605,-0.07485429125389231
0.005056597472609356,-0.06864140985861411
0.00524109320657449,-0.1400581253268527
0.005163371476080312,-0.076981046122782
0.005130294533455164,-0.07426966414195846
0.005412704037724506,-0.1175660331105135
0.005214183732857916,-0.02945201629415095
0.005617861247841555,-0.09422686803092972
0.005302437364080873,-0.03003477904856311
0.005332635839807502,-0.020049170641364356
0.005856062328903319,-0.0015520052222086633
0.0055599968525171265,-0.0253804318545221
0.005927362398234038,-0.12253158212828907
0.005622127177501537,-0.05954452479108596
0.005554298245503093,-0.009003613267601907
0.006175587826272146,0.04934278455459662
0.005515468067172445,0.07734557683599519
0.005974568185233208,0.017008122067004194
0.0052971071350313296,0.0929724991765255
0.005217279846816809,0.11581900736003092
0.005798057088370192,-0.09099742842912661
0.005059329006894054,0.12318539328487077
0.00571477637357755,0.016280335733839024
0.005029975944276476,0.13684088404247063
0.006410205378925064,0.1713919267128574
0.005248205883918831,0.12060452634603536
0.005379660955859546,0.10895719169332096
0.006662610974685461,0.0737583668226165
0.005834574277528786,0.05568005599719328
0.006874155220825395,0.012856552476243621
0.006209726644547259,0.013470473250002613
0.007027092215134072,0.002024535320032328
0.0074045511680318685,-0.02079104269868992
0.007033343443910525,-0.05168105500150233
0.007017850454376987,-0.07133217561952421
0.006682361408963188,-0.0833628936766786
0.006828180211447342,-0.04391538692125607
0.00696233445045544,-0.06148052827198569
0.006800915379564683,-0.08013852263772492
0.006919324388984914,-0.09608400765078073
0.006676510241136338,-0.11119228670892056
0.006718687446220574,-0.1046446778428276
0.006797296227177415,-0.13394918551970392
0.0065992298035451695,-0.1135363810213974
0.006614330275999251,-0.07553267633537075
0.006283498706930687,-0.08639703837688018
0.0062802866972774575,-0.1065123112799995
0.0062307304547701186,-0.06113334879761112
0.005927950488997045,-0.08693148911221016
0.005889465935040252,-0.07572434720039212
0.005612747811901126,-0.0636207968941207
0.005582280000143282,-0.04637917117237578
0.005600651747787937,-0.028572290871991868
0.0054211917508975695,-0.0513163526385938
0.0054831846585720705,-0.03650233279051207
0.00514457976903845,-0.04056295010914823
0.005256954346387307,-0.06697542619016872
0.00527332324061401,-0.019908607087394614
0.004934735757869934,0.017717215295313338
0.004940315880588961,0.028800285937158776
0.004933344605843023,0.019246961297177734
0.005398450240578303,-0.02564335814949459
0.005666926503846662,-0.07576823606181193
0.005632210578449635,-0.08607380239762819
0.005887382525367283,-0.05420956564864099
0.00565234119635398,-0.049297330702096076
0.006009094524135849,-0.0769496184347318
0.0062090973579096214,-0.030480444225204906
0.00601200149700583,-0.07470606631171961
0.0061959059063223,-0.06801303246933088
0.00579412426515001,-0.06103871417735718
0.005892547157214793,-0.0473463313533955
0.005948857033077848,-0.03144071728029729
0.00582632319735184,-0.04845131286366211
0.005870463099279287,-0.06678657247864805
0.005496039483118733,-0.08007324272254834
0.005572992463659051,-0.0920129190261676
0.0055879356653418585,-0.06325778945554106
0.005359038066668303,-0.08007796618947083
0.0053983854067674985,-0.017016182090472398
0.00494076309895545,-0.029581014667250827
0.005093728006087491,0.002554921254457554
0.005082409861473183,-0.004765446390742056
0.004813437233412332,0.051484075753258196
0.004576724811478155,0.04509775551727557
0.003688718612201274,0.24560375081612307
0.004486515908809395,0.2164759286389284
0.004693856410245235,0.2430419198105227
0.004626000972762563,0.20784142907836411
0.004739546919274027,0.2322334383232274
0.004356499512223054,0.2839087014716952
0.004637771555391687,0.2591819087421925
0.0045001611082270965,0.27759222920626314
0.004376036791435847,0.2431970049374783
0.005037992556564582,0.26630601768895446
0.00483226913571668,0.1780632545483556
0.005169783457747509,0.13732433452047133
0.005515329364598316,0.09295068949731444
0.005414454081437913,0.10909871816388517
0.005791622656907141,-0.008816968702305417
0.005634521541355548,-0.07799674309660531
0.0058014892053679015,-0.10418851385790617
0.00618329725955336,-0.16787723275816546
0.006072563626673668,-0.1335425933303469
0.006404260144622476,-0.1739110914616333
0.006052147387498108,-0.169521475325503
0.0060908230149955755,-0.16254815418695046
0.0060000370832187355,-0.1983093591703451
0.005286387424319173,-0.05653797210727163
0.005830128729282062,-0.19142641524457105
0.005422546357570391,-0.1445994502036001
0.005894905342751479,-0.126085215358124
0.006345154765645996,-0.17203830125569652
0.005889790828204345,-0.10555584461761924
0.0061451731464621925,-0.08682376949330006
0.005724233573151953,-0.07285105092120148
0.0058876482571566715,-0.011496980330647943
0.005857087416113917,-0.019681818856831512
0.005358422342443715,0.1318796476023465
0.0062940019860181105,0.0768940415892132
0.0061760105246024604,0.09805206241413345
0.006517776384626892,0.07126706832436014
0.0067926399139068075,0.11091323297831934
0.006833859231795741,0.11968995849404962
0.007062052109691642,0.17171975251521587
0.006717241249203403,0.2253782883427604
0.007050593521115802,0.1471694473881513
0.007373001695374824,0.11342099408152251
0.00681323895074876,0.13550032340553742
0.00685132286496557,0.017958788285760363
0.006678575297172288,0.014719582610240423
0.0067488050794196185,-0.06210207119308819
0.006828701926427888,-0.052262367181704406
0.006571314099934659,-0.03687610060015345
0.006892673356543153,-0.08807356033256752
0.006603291603435366,-0.13993837134605513
0.0067200751483893475,-0.0884316934312821
0.007083311796045689,-0.08735187942739486
0.0068796886557459845,-0.06469997446359343
0.007361834689803886,-0.13129463040201017
0.007104203825904774,-0.1407813094315884
0.007222185957173913,-0.15343362250341386
0.007637027759541012,-0.1818086028327741
0.007170544191342799,-0.15563658611575448
0.007461059576226424,-0.16968878572594548
0.007273276359385778,-0.15119724037890592
0.007134122651034245,-0.10346957911058752
0.007219232369165036,-0.04978833961490636
0.00673594833709405,-0.03149639301393847
0.006722158730645981,0.03287146819629072
0.006355730957175555,0.0914809529555356
0.005985689016312173,0.10900719717049867
0.006233307709394744,0.15180646409680776
0.005896707301537018,0.15135859584027145
0.006002988089276887,0.1890989332909072
0.00575006034750939,0.18396155178506035
0.005508057007693351,0.15183620667858833
0.005665749200238248,0.14745509698274617
0.005479265644226429,0.09045846165921745
0.005556827332210322,0.10228230298599073
0.005406865727942573,0.09665977007328763
0.005255589500712581,0.10589181973896444
0.00534232402611444,0.13324489793523497
0.005135326377164376,0.12711220653354616
0.005284280934999595,0.1391003826463546
0.005277759846753142,0.09889829420696117
0.005240601683013105,0.10086766808239389
0.005461498786963187,0.08523265622162768
0.005380678395890226,0.0382888543690072
0.005586908268443256,0.0010521512390297971
0.005581291785957793,-0.07147179652127988
0.005540941165542242,-0.10776050790803993
0.00568199093628278,-0.1455349779287971
0.005437504022987082,-0.1407188478392456
0.005549931981565181,-0.1243731005212041
0.005374275858197008,-0.10496344171703242
0.005208462729059378,-0.04219350202806993
0.005524214514299692,-0.027070389422171104
0.005260998004181415,-0.002250095977878175
0.005435829283559218,0.039978793934672296
0.0054606446505883095,0.004687377115381253
0.005448052863179772,0.0294665977746007
0.005687609163787468,0.023548903867784077
0.0056632080131317425,0.0034511595546291574
0.0058894408053737,-0.017905984615524062
0.005818124268181215,-0.02267204483071339
0.0058029554539045765,-0.0281616927874353
0.005996455619780704,-0.021647103476404084
0.005675842932992456,-0.01856433578918626
0.005849771448526854,-0.02713056781175993
0.005707923615466424,-0.049623494190690565
0.005649060983915854,-0.057384219489918564
0.005790261220359596,-0.0658203852939252
0.005591344829287549,-0.07585741636594179
0.005681335934443462,-0.06591927293744959
0.005544071067365638,-0.10317933781147559
0.005455326388035824,-0.1099944487781741
0.005551398112187554,-0.1355115431717806
0.005303010465763802,-0.15391759627156887
0.005395748789556458,-0.14066323313705453
0.005072701252784366,-0.12814938627572303
0.0049738019663030306,-0.08863547135898386
0.005091140736613033,-0.05570836830028014
0.0048695186620444945,-0.029335974315458202
0.004830770642454466,-0.023832028445760045
0.004629761548935305,-0.0013572652890658787
0.004907019054375035,0.0111488285451955
0.005633605062479995,0.273895368523263
0.005159010467134286,0.05937766527863175
0.005368111865451331,0.09888785538315403
0.005506992736512408,0.08724711043215194
0.005561175505232662,0.12288575065972651
0.005724999999999914,0.11720763754743047
0.005777273145697693,0.11037713709735186
0.00600948392126991,0.06952210573474105
0.0060350464786941655,0.07695740833027287
0.006112438874950014,0.05005506830494966
0.006226602364050574,-0.004840456044952646
0.0062787394435506955,-0.046743924986955676
0.006344824662668101,-0.06903682988050264
0.00654439561762584,-0.1020591416442187
0.006387998825923335,-0.09128060042866082
0.00633130357825308,-0.038296544025122614
0.006467725488918096,-0.009296207256120681
0.006414353669700418,0.004385816848952118
0.006405441592895978,0.1603691909732774
0.006521828347940448,0.06897694412668187
0.006530949854347354,0.1143403194032615
0.006765252766896345,0.09895393347868264
0.006891505278239341,0.07984636599065453
0.007032225607871152,0.14300615512023285
0.007180464191123129,0.08191592500976697
0.007188793640103955,0.1140041317360243
0.007247345721020933,0.10351989295769926
0.007499292299943984,0.07884194723909133
0.007550902595054623,0.12579781114083488
0.007754053971955482,0.08606061218430483
0.007914255745172712,0.0684069326473491
0.007653310133530581,0.006842108717201256
0.004105727006268157,0.023020562878137696
0.004105727006268172,0.009389353941550382
0.0040220873001464924,0.4166370538965367
0.0040220873001464924,-0.33819079830339405
0.004212245778679269,-0.13141759442275003
0.004212245778679053,0.16688764604613482
0.004192625967099845,-0.079739690914721
0.004192625967099845,0.16156070795631194
0.004299735020905262,-0.04850465526455139
0.004299735020905478,0.12408601309607548
0.004255437286578254,0.16686922785468994
0.0042554372865780486,-0.09410016451990089
0.0042246394520717425,0.08460292725578711
0.0042246394520715136,0.040602408519887945
0.004203584482319893,0.01226273973235692
0.004203584482319893,0.12798514125039162
0.004011687830576912,0.01895353993841553
0.0040116878305771295,0.14092690716099554
0.00787474139257907,0.18130973649945048
0.004067290283468811,0.12016841196032146
0.0040672902834690385,0.12902401719413348
0.007976825057627744,0.19459530481454124
0.00796414797702813,0.2508744411495556
0.007787679564542985,0.2745844852970265
0.007836393877288168,0.26258601558111394
0.00786479809022463,0.21845916703085777
0.0076146135817910686,0.25933981186085475
0.007518248865261243,0.2803531080580868
0.007161180908202216,0.3610179669215938
0.00786593776990374,0.2051613788613338
0.007750878982412357,0.301384601268019
0.007179799022256778,0.32232034241024365
0.007725297728890508,0.32362577843083784
0.007765378612791482,0.30340699082005784
0.007385348333017211,0.4009760645284217
0.007872007748979896,0.24330078369135322
0.007206904744757059,0.6551814570519703
0.00402260021627794,-0.11526103695435452
0.00402260021627794,0.25683559177767634
0.004065270593699661,-0.2656229820939515
0.0040652705936999045,0.35498611424310056
0.00784652101252524,0.19967902659676184
0.004126859732290448,-0.1577623274117137
0.004126859732290458,0.16495262155334345
0.004197106145905589,0.15127985879683337
0.004197106145905799,-0.24932792429158468
0.004097508145202354,0.19333704570717458
0.004097508145202604,-0.2272556274775681
0.007841747062995393,0.2775841406464927
0.004113833643938474,0.30752181794304434
0.004113833643938474,-0.21803890600788733
0.0043098790296248815,-0.24290688478025046
0.0043098790296248945,0.008584768597938108
0.007126077462391166,0.32023110980222214
0.004265069401545676,-0.20802539283587862
0.004265069401545473,0.02421343218566463
0.007770332296626754,0.024570024840816274
0.004139820346343413,-0.21985420153991697
0.004139820346343618,0.11282163713194393
0.004144813204476163,0.07719088555057496
0.004144813204476149,-0.2090305078227921
0.004126161957558126,0.009427620341757148
0.004126161957558138,-0.2863471234407662
0.004099701117154886,0.12358245084736907
0.004099701117154657,-0.283674884187576
0.0041048752112578515,-0.05109806435148556
0.004104875211258067,-0.1435773147192485
0.007575474968607637,0.1114233068477013
0.004291341107392987,-0.06352598468360071
0.0042913411073927715,-0.30461834148863787
0.0074824792682639946,-0.0693018744148226
0.004239004629627097,-0.1105260183143244
0.0042390046296271085,-0.16247068928371533
0.00413999667874261,0.07853836389826796
0.00413999667874261,-0.24854107114641266
0.006990010300421425,-0.07441689746316626
0.007848111365163122,-0.040749150192482375
0.007194967755313297,0.05256146232235892
0.007014107213323693,0.20245316276837855
0.0077366422303220515,0.011955434379025576
0.006429055451619513,0.17681501014789802
0.0078084854485360785,0.05215203526405077
0.006904460659602768,0.334203019560082
0.004003184014006759,-0.20254307959018902
0.004003184014006759,0.2721030166219158
0.004060328835205241,0.1458710395820617
0.004060328835205463,-0.08017211964266124
0.0076224881108467426,0.2035602719450793
0.004171260241222131,-0.2921778110304949
0.004171260241222121,0.3395374346315947
0.007103735988900521,-0.22444775969585606
0.0043032163842874425,0.0882870463340204
0.0043032163842874425,-0.06683878258394316
0.004310329134764466,0.10055790676479148
0.004310329134764461,-0.08281613692832934
0.007669798432814447,-0.2102158677286603
0.004325387525991125,0.01052663988611613
0.00432538752599112,0.013910543036164569
0.004130423374183401,0.3227421526959233
0.0041304233741831795,-0.44421397070042445
0.004266798565669757,0.06919405514747368
0.004266798565669536,-0.02705514404246756
0.004212748390302788,-0.02381596427962762
0.0042127483903030135,0.06196408747416626
0.004395452564867408,0.1971546379699376
0.004395452564867629,-0.34511875734130015
0.0041280370940677425,-0.13655923488104094
0.0041280370940677425,0.1006880359950344
0.004152435008522291,0.07926287987305614
0.004152435008522074,-0.464552758966569
0.00404371122856217,-0.441257858362313
0.00404371122856217,0.32229796519438736
0.0040044770569952065,-0.1578523574282258
0.004004477056994985,0.01267326933720625
0.004125560567971272,-0.15173579968886486
0.004125560567971307,-0.02558786256142298
0.007914627723399405,-0.17748582203041963
0.0079435018096555,-0.24234351469939952
0.007862914027254609,-0.36121849285747487
0.007845046398843106,-0.2445700336739023
0.007652143490552169,-0.29260026839421727
0.007541319844695614,-0.1483326114028074
0.007372838937614299,-0.22060957127487768
0.007306786502970988,-0.07380722186763933
0.007252807456426778,-0.05311764504457983
0.006533607349695782,-0.14939436634399073
0.007164553300799797,-0.011469692040492419
0.006829736451723535,-0.15344762489583985
0.007404205966881334,-0.11235284498822296
0.007478195771708561,-0.08637287177900532
0.007487157137392009,-0.029537100018671936
0.004572565144423729,-0.07409531017004412
0.006726675850670896,-0.04250170641123674
0.007368186886880671,0.028981304327395208
0.007541208656442399,-0.019358467816452674
0.005986871303109688,-0.20809267631699413
0.007756697041911604,-0.10442634424024533
0.005830123840880228,-0.24642874546261595
0.007686891504373062,-0.09152652559941998
0.006626545555566676,-0.20282286025205565
0.007690197461703915,-0.172280440659641
0.007736875467525509,-0.20674213643162886
0.006008045023133585,-0.2771221249193374
0.007469809167576112,-0.16548651551251936
0.0053221283336647475,-0.21705118769907017
0.007058611761529267,-0.06681805465873936
0.006958101537057545,-0.04207837838003314
0.003425928487286297,-0.18902848030212027
0.00688615364336306,-0.011938001951300237
0.0073657849623181195,0.014231803964833034
0.007365784962317805,-0.046569553824184595
0.0073657849623181455,0.12946460740942456
0.007193008410950183,0.015028307875603275
0.007211339750698058,0.002380301459439238
0.005189435518435768,-1.080379814447987
0.006914265904634949,-0.11196364594873387
0.006815215477151172,-0.99690923648226
0.00645973072194171,-0.7925623989109525
0.006727282437953715,-0.3237701963077271
0.004137565377127172,-0.13877116913106136
0.004137565377126736,-0.15846983962526906
0.006413085684754342,-0.23378295989455466
0.00402318735581656,-0.04802177345192149
0.00402318735581614,-0.15186342298763833
0.006056023860587138,-0.09028592142512082
0.005887295644011749,-0.038335991669640634
0.006225537888407845,-0.03687769661200235
0.005680231685415614,0.011617514617469737
0.005650527851448709,0.016546502081247638
0.0033404733197556096,-0.8346483745184372
0.005496497975984642,-0.029737552049198257
0.0036892329826130896,-0.6080457057676014
0.005578560477399189,-0.12723679573863222
0.005723712431630372,-0.18066444686096617
0.005320360983993368,-0.4486682572011773
0.005912731433102557,-0.24956872819275588
0.007427557875910498,-0.24337728713334883
0.005961263037310235,-0.20170889053897412
0.005911022331204448,-0.18163503544698756
0.0060757025931162285,-0.1300735585325512
0.005976102408761111,-0.13901771369142324
0.005497005821354106,-0.02016990798506413
0.005855741199882239,-0.03727408770626539
0.005866490773878755,-0.0390833630846501
0.004997434641893441,0.015354871188634434
0.005953251548523777,-0.03197826580605323
0.0049191161807787785,0.04593256464593054
0.0060410437839832146,0.003356719011286202
0.006075406982252072,0.03082023479862528
0.004855166835444599,0.14723821446619922
0.006297172857719646,0.05579819327167712
0.005399231982421156,0.12815960312984487
0.006521330079055784,0.05409817614925316
0.006612784965504383,0.07421126294315172
0.0056000223213841845,0.06549850491291664
0.006837919274165134,-0.04346619438987176
0.005296349308722008,0.005896490860607173
0.006998441898022909,-0.030991487860923428
0.007047471958085253,-0.02722670107171865
0.007023258075850684,-0.003271373845329606
0.0031412742637341854,-0.041315118367634796
0.0057000663154039965,0.03957175826288761
0.006664986496610169,-0.020541996848585597
0.006645040631930112,-0.06185692394222286
0.0052182990523733696,-0.06168504020344301
0.0066380217685693636,-0.17436913189506242
0.005115234109989495,-0.1856034896179608
0.006550462655415666,-0.24658628599751609
0.0064515836815467785,-0.24941261656454117
0.004568838473835747,-0.18298583549416492
0.006141939514518311,-0.19738473770227216
0.004216812658869278,-0.0797918337478194
0.0056738292184377506,-0.08463452704353358
0.0075109305016088125,0.04515887358942905
0.005546252879197095,0.10451585393142437
0.0052333364118886195,0.1463409167119849
0.005315696097408083,0.231170874754433
0.00781467670476532,-1.3940854661489794
0.006577751895594531,-0.9839046530397297
0.0049382154671500445,-0.043574937240101974
0.004284615268609533,0.3335959518851084
0.0046220212028937205,-0.016134391845184837
0.004047993082998015,0.4452828022546953
0.003950603498201406,0.44279245543019385
0.004036267830558435,0.8533779231670309
0.003961840607596027,0.3248869202419371
0.003990030200387022,0.534235669791002
0.003880458864619281,-0.9715998149105687
0.003917002042378788,0.07650791510199184
0.0043259238319693,-0.8834199079888592
0.0038829524849010896,-0.05729954969039852
0.00381539054357456,-0.09776979408398745
0.0031006168741075663,-0.3075841896509175
0.0036465113464790176,-0.15170785924518526
0.0037671219783807705,-0.3291388893877212
0.0035575582918625733,-0.17868435954323303
0.005415631449794375,0.3738765250646523
0.00346269403788421,-0.1062616123963025
0.0034188935344642876,-0.047499035232206666
0.004467587380231102,0.7201275072200204
0.0034672493420576443,0.09268739357653999
0.003983558459468145,0.5149281352342356
0.0034865979120052167,0.21447358405603723
0.0035008000514170335,0.2579483133071605
0.00391587052901362,0.5503978181000946
0.0036390605930653346,0.2717734612984444
0.004166353321551161,0.70656695792173
0.0038408775039043665,0.21339903410341776
0.003920271036548606,0.1742379732970818
0.005345954171146337,0.40003846563621437
0.004211214789107817,0.10788986474219797
0.005348953635992876,0.29841146400585217
0.004162341888888835,0.09835859124870439
0.003982161850051049,0.09049509834330394
0.005334570273227314,0.2761146852436198
0.0037097478350959895,0.06803628333107525
0.00536551703007247,0.32937110242857415
0.0034120405917867362,0.09438538656313256
0.003182909518035474,0.11059682821078809
0.005903053193051666,0.29407859979706075
0.0030923327764003556,0.09027821374668576
0.005801813251045129,0.2712233145687435
0.003174930707905113,0.10068510897372107
0.007627239314975286,-0.20846607572730136
0.007627239314974957,-0.07260847355754407
0.0076272393149749195,0.007882079844918621
0.007627239314974957,0.3859524981456488
0.007627239314975361,-0.13586943639002413
0.0076272393149749195,0.009848850376073415
0.007627239314974957,-0.04351909945818733
0.007627239314975324,0.20419888773491124
0.007627239314974957,1.5560287935231756
0.005649380541262846,0.11450306314224434
0.005649380541262874,0.19647788545254485
0.004228168634290826,0.09094643041965611
0.005796677776968571,-0.05312482822493081
0.005796677776968189,0.39837369242196985
0.004589006973191653,0.048397103465475766
0.005997462880252095,-0.6769532104490992
0.0054214489760578514,-0.43180957850160695
0.004517119546790925,0.07334137986702416
0.005254870217236404,-0.4271559188973413
0.004318854014666371,0.09082963914652709
0.004781751352799755,-0.3350407797674464
0.004536981595730582,-0.26524477834516347
0.004092917052665647,0.03763376015611186
0.005021402194606638,-0.35420405724315884
0.004164760977534981,-0.013374407489827433
0.004604013140728476,-0.24084014904693163
0.004665685908845699,-0.2400301931860298
0.004485459285290323,-0.09549778553692079
0.00550121959205449,-0.40013712449766814
0.004570418908590192,-0.16867469483356956
0.005190075529315347,-0.23527160080884357
0.004975535549064436,-0.19246707227822668
0.004450949112267812,-0.17241548905428772
0.005104398593370153,-0.2114415266740437
0.0042566721743633774,-0.12799487116630814
0.004839783156299461,-0.62695568300785
0.0044068884714730285,-0.20995327271934627
0.0037935399035729325,-0.10582503983216895
0.0052659274586725315,-0.16755877040079525
0.003687888962536542,-0.23147407419207155
0.0037158067764619927,-0.23845978328908046
0.005719381784773258,-0.4081314766917927
0.003517925809337341,-0.12220181334009084
0.005591005723481106,-0.10427619366786445
0.003287149677152076,0.08134836164111192
0.0031903349353946424,0.20249520522858688
0.005638572603061883,0.33568711974661625
0.0030973078632903855,0.3993775147107854
0.005399932036609372,0.4814047844430078
0.002933800436294164,0.47380206685075876
0.004064271767487746,0.48022366687597895
0.0035618997739973453,0.4373892532357786
0.0024918751975166564,0.34317255842736927
0.006370936508866043,0.36375150026789527
0.0022987657557916974,0.18695155708586242
0.004749607246920371,0.170846157278433
0.005345358453836463,0.1371709519200479
0.0022299529143010636,0.04392567524642743
0.007619118321695775,0.02748170600170141
0.0023644020385712888,0.048477214859119044
0.0023751050503084676,0.08002989488198864
0.0048741692881966,-0.021077578623263094
0.004874169288196572,0.27542696522107235
0.0025539185578246997,0.15439653167266698
0.005980603669362995,-0.08235614690628523
0.005980603669363082,0.38253205148551217
0.0029430001698947223,0.1725029530392419
0.006116240675447666,0.2361180135319998
0.005892321868329988,0.2120980004324906
0.003109784880019771,0.14284581726177237
0.004913024857457931,0.08213868051574025
0.004913024857457931,0.24406412907063668
0.003168278554672921,0.1854453160210241
0.0056403000806695795,0.2983888388237901
0.00539232825410337,0.3205883809206824
0.003032361620915136,0.27816055019209074
0.007806574472840097,0.27639479945688805
0.002871084289950524,0.34847125530632184
0.005542020299493717,0.47777448249433263
0.00515998885657707,0.5112139567997644
0.0025300855716753673,0.47149047272733924
0.004741018904201887,0.12758950924836654
0.004741018904201887,0.5994103156877131
0.002316576137320029,0.5725572083515047
0.0022456259706373238,0.6152901368152826
0.006619502398216785,0.37193273536580307
0.0022240705924048377,0.6783830077578017
0.007509726626182796,0.7982748947156963
0.0022852894783814723,0.7099877150805902
0.004847871801110019,0.8111833446255226
0.004678850392992147,0.809103891872784
0.0022886233853560214,0.714254062336714
0.004550274716981503,0.40672302030010954
0.004550274716981435,0.36274381234927233
0.0025359079241961285,0.5778481714880428
0.005505189006746113,0.5357359378520776
0.005694593312959216,0.38265408547048096
0.003119460530284048,0.16198949646787142
0.005741908393557219,-0.10721234371358435
0.005741908393556825,0.19448930947541854
0.0036231326224690765,-0.06122102589214862
0.007366522992565676,-0.08291818115662863
0.007530549847122891,-0.22244390368734557
0.004458234740342642,-0.39137701377030254
0.00606337735919532,-1.4747601484826767
0.006439479249131743,-0.4771725930379205
0.007185836416173276,-0.4168419656458582
0.0069897565765910715,-0.396406952813237
0.0042524375362844435,-0.48508278582902875
0.005350747844927894,-0.259724512426466
0.005350747844927811,-0.0383565708489364
0.004150562612465905,-0.43328528329719873
0.006813680943513399,-0.22028264081077253
0.0062475059023582415,-0.08335968167064323
0.003244331980546955,-0.008591610016054574
0.0045449429314349706,0.10505983744281622
0.0045449429314349706,0.15299822484651315
0.0030188535903550146,0.19626721669503056
0.005883425617784374,0.36572329461874986
0.005626886261512453,0.3971254008107721
0.0029315396978381327,0.3841347741958039
0.006398014145029556,-0.5577890176879094
0.0027651945681994943,0.36825131976909375
0.0027834965421212796,0.3127857883741605
0.00796451436058734,-0.05286500139919781
0.002984410829627819,0.17789319941127957
0.0034304735824663537,-2.6513328836317065
0.002328802481963591,0.035191999877127955
0.002319500808363735,-0.06816477443932456
0.004711083208774724,0.1639066006713108
0.004711083208774724,-0.5870916015242287
0.0025016100815276688,-0.31706411465487605
0.005184622744231157,0.19701673430879652
0.005184622744231321,-0.743981976520665
0.0027193905567239984,-0.5075129923235977
0.005233614358165951,-0.13991150712630684
0.005233614358165951,-0.5301891933776375
0.0027571728273722593,-0.5839379565719724
0.002624504905691723,-0.5863454491268882
0.004847926902295463,-0.30591368901840355
0.004847926902295463,-0.3008670682379275
0.002434320028262403,-0.5662153748140852
0.0053216133831763286,-0.00953142823780695
0.0053216133831760935,-0.4992872670574471
0.002193392349763321,-0.5159064650838232
0.0019143335655000255,-0.4614631762376078
0.004293131491114534,-1.1451126699176157
0.0011658752077302287,-0.28872299982595706
0.004541211539886664,0.0656536194402122
0.004541211539886759,-0.2277184425862302
0.0006556904757584633,-0.040075646697232514
0.0005819828176155856,0.10138509058045742
0.0036456956812110173,0.27684560034523287
0.0029616064897280653,0.3442609790162052
0.004629699882281822,0.4339159062789193
0.0012802613014536504,0.5328373306143348
0.00149465882394625,0.5919586102883017
0.0046283623453659325,-0.08792561526395559
0.00462836234536556,0.7478420438397819
0.001459631802887243,0.6207521111846717
0.004564599544319253,0.6317594853660893
0.004570871361130374,0.5776905176148119
0.0009118031585818328,0.45397249955297525
0.005138009342147967,-0.20306635178098986
0.005138009342147967,0.7394426777817031
0.0008024693140548562,0.40894233772805677
0.0005834552253600422,0.26994332714561153
0.0053483620156083616,0.30342302525559006
0.005348362015607994,0.08252018032496267
0.0006054659362840374,0.10413941998196208
0.00572483715925612,0.03796820234724407
0.005724837159256033,0.26861986837066354
0.0011596585704423186,-0.031062198185189516
0.006398802720040695,0.3401136989218756
0.0063988027200406064,-0.30788844551859995
0.0015833862447298735,-0.08894998322989522
0.0016289201944845633,-0.11673816421738081
0.006673566081938678,-0.1706004061782096
0.006673566081938416,0.15136863530467082
0.0020375487724223745,-0.057037599125692395
0.00655762062412885,0.27603150993380865
0.00655762062412885,-0.12350728556291557
0.0023387443212118,-0.1986719105709085
0.002046566392766185,-0.21577377992338853
0.007520117352807681,-0.1494849059811756
0.00736710798074796,-0.19009577747611672
0.0034028802506111617,-0.18009566546053435
0.005912163732509548,-0.14299775361880052
0.001943420181021109,-0.17769885068132396
0.006459846824809109,0.1134060754487507
0.0064598468248094326,-0.09697492132438157
0.0019712904402953884,-0.12078206812352477
0.007248685673968863,0.03945853740874128
0.007671970085968807,0.10137342169050356
0.0017537211865059988,0.010350406225484221
0.006006109764231916,0.18863032474189367
0.006006109764231699,9.982742197678363e-05
0.0018290688888065849,0.05741354553951794
0.006344761067211282,0.17195572013624627
0.006777909781046135,0.13242329443750123
0.001779486723749275,0.11976725294971402
0.005755142265834865,-0.004671626177994881
0.005755142265835078,0.2617298079289654
0.0019318907836624194,0.1006594005783299
0.006338846030627323,0.12589642954214497
0.006587776104270783,0.06574933915443637
0.002267619456610867,-0.06969090319297067
0.005926367205126481,-0.09271675606229479
0.005926367205126581,0.062103267357969116
0.00256416399631525,-0.21367411094412603
0.006630080014600103,-0.21106741453527889
0.0026395122655522188,-0.3060398496715422
0.006029076214479218,-0.29118149558560447
0.003466523330370053,-0.3034383233011795
0.003115771012125262,-0.3151576607356148
0.0032793561868147297,-0.3120258156625013
0.006675137526673104,-0.23175602069897394
0.0024735925290961325,-0.2167907637855464
0.006158527177824143,-0.022751376302885262
0.0022529831335364745,0.06000326858117688
0.002232677764479124,0.2477115367360625
0.0071841955012374665,0.4316988756807163
0.0019872966562647374,0.37505061652781535
0.005597208232681883,0.44538754252369017
0.005714798771610351,0.3601129845109554
0.00554595032433578,0.3342159251970074
0.002343907848017807,0.17769676017074687
0.00538639703326821,0.14170212815102445
0.007942716223055998,0.15170169212656504
0.0025477056344873896,0.09878999941194166
0.006373000313823856,0.1535142362298174
0.006513599619258048,0.07874546634557333
0.0029013336588538012,-0.032444662128078505
0.006122767225691497,-0.006106332867879871
0.006122767225691294,0.013186323793547672
0.003030898216700631,-0.13989836067923989
0.006752895749232185,-0.10990316545872503
0.004821258264187991,-0.1572464863529177
0.004821258264187824,0.05821716235240615
0.003162213149045957,-0.1543383433492025
0.005722436478459218,0.3209084603293775
0.005722436478459218,-0.38397149225654204
0.0031263605038447614,-0.10855985725031303
0.006559311320558147,-0.059789724665314736
0.006675720560358997,-0.10969252522442474
0.0032292136813782644,-0.1295441034216438
0.005756561560515112,0.03215563354788742
0.005756561560515112,-0.09518291421029801
0.00329648570450433,-0.11697554205145622
0.006568149891712394,-0.07437562508800255
0.006396518584355039,-0.09411685712397855
0.0034233188574831395,-0.11616639968556086
0.005410631247830722,-0.17321250228014407
0.005410631247830512,0.12975926838799268
0.003478777515162711,-0.07051550428892028
0.004538659934386112,0.2736282808513053
0.0045386599343857715,-0.0057732645606023425
0.007879170324342483,0.1373814598361065
0.003375980153969952,0.06788749534867833
0.006742632015763583,-0.12449611372343128
0.006742632015763391,0.47785922814446735
0.003333867723830721,0.11836082767845824
0.005514077438701655,0.15234305864826325
0.0054803712465489925,0.11416664410894128
0.003389670927980875,0.06523026950952016
0.005601446085610446,0.20731396525338397
0.005601446085610385,-0.14985457849205375
0.0037218151485530885,-0.08014815264651531
0.006654899323055182,-0.08240024491563958
0.006151996098828443,-0.15028115336406245
0.004077794011472361,-0.19755393427944057
0.004647123088535705,-0.010265833369281552
0.004647123088535385,-0.13626764624749654
0.00426239428021386,-0.2367666221831186
0.005509057723422574,-1.1595793759139212
0.005371593804449418,-0.2349280164499703
0.00419468044074889,-0.2408368369958822
0.005920889291314254,-0.18857226687278938
0.005248637918546131,-0.21857329059000818
0.0055637689563819495,-0.15150345177745805
0.005567240070268169,-0.1696468150759003
0.0041757769336973295,-0.16646260737732632
0.005705945408080863,-0.09351585342168534
0.005030439841604447,-0.09194954294273572
0.00645139271785543,0.0018991295103347738
0.005750623009726917,-0.033078280966527984
0.004093830724394874,-0.04805310275582997
0.004833280511205686,-0.17200290738701085
0.004833280511205567,0.21458311981597689
0.0041788515168644244,-0.06344216737210928
0.006350620205932763,0.015233927015898985
0.005927474082608957,-0.045745783692105135
0.00426777752466058,-0.08391947969177949
0.006420796991028595,0.049810635045176355
0.004379865865525947,-0.08441724277616913
0.006319244970722382,0.0666607739011269
0.004396018767021022,-0.05457169266055928
0.0042374550145106125,-0.12311749615282253
0.007674084440504896,0.04421096615620712
0.004410946610422731,-0.0022591097397040016
0.005742007749907824,0.029544091530567584
0.005355651687703239,0.0003375206309712553
0.0042465903970128885,0.07237773164380457
0.007117741917209357,0.1500513886932353
0.004283177558775852,0.08985695035993047
0.005739405195662654,0.11377430847460346
0.00430600940547042,0.07698542170793132
0.004722333003929295,0.023110759865645036
0.006300050257736082,0.1943539417353506
0.006300050257735862,-0.29280782444939035
0.004355783511608599,0.06966830629354348
0.005029001491349792,0.1359111002845168
0.004814235245602522,0.12943450056277328
0.004331168087248537,0.13022535534499724
0.006422228040174275,0.2224991933550413
0.004348645881190868,0.15347455623209072
0.005274333701994966,0.2189275189548212
0.005078182351983696,0.1680832510981034
0.0044938706033888125,0.11244540340326381
0.007051818772486991,0.16370398776133754
0.004742406245778554,0.019672153637827705
0.005971824260642548,0.032906794319316646
0.005821487868234413,-0.05617772794946774
0.005107157036943173,-0.12444588162096437
0.007846253692049655,-0.04539332264910456
0.005260430115494324,-0.14662963567008092
0.006572416602742114,-0.07289083968877463
0.0062555300334982775,-0.11396772002178324
0.005352679422495058,-0.10998476812889635
0.004066163824786331,-0.217453663175057
0.004066163824786113,0.18094790534765792
0.0054287326329447395,-0.08117972803955809
0.0069759450255861295,-0.015604895440667121
0.007041344331872936,-0.14154175532346613
0.0055509917131985834,-0.11017954119493822
0.007197873088628355,-0.08803847599066472
0.005639912233359501,-0.13543127872276273
0.005639912233359807,-0.5387266401007551
0.006733793952891706,-0.079647196417298
0.006325929654999303,-0.12851756438855944
0.005385796227114409,-0.1529032750043271
0.007193522641932709,-0.04074400051145233
0.005215427115778886,-0.12604268213922865
0.006328548806796011,-0.07355916507647464
0.005804700164521793,-0.155474179885843
0.005060552736608877,-0.11287826209395035
0.005794829160553567,-0.012266177007568047
0.007716728063110517,-0.7942093039478237
0.005512677026635938,-0.011719957880515608
0.005131764803651901,-0.01323029204093018
0.004569463972940488,-0.01713919955741261
0.0057876976424135595,0.05063593862885796
0.0045079615127017365,0.025649108525875874
0.005162865967657858,0.09413099351876042
0.004908947850609115,0.07455522229768263
0.0045449625961056835,0.048990692922807
0.006773508544321761,0.24308757061221797
0.004812026600092601,-0.006714321268944445
0.0037170005380682946,0.15444186345839483
0.005576262906284005,-0.09060196802712284
0.005252870643752918,-0.1079559728470656
0.005840848654091175,-0.12254126818092459
0.005352030082127592,-0.12688088710212497
0.005567398854043151,-0.12720045044391526
0.005390930346424327,-0.13870430392492494
0.005460409233748072,-0.1230078262851464
0.004032853487296596,-0.24308566290159206
0.004032853487296581,-0.6656128402301178
0.005451257653055785,-0.1018352215827747
0.005486740471354594,-0.07496813606498165
0.005239989503806148,-0.06577344814068908
0.005341806904035492,-0.040748072360877075
0.004250029705778607,-0.10676113093226292
0.004250029705778464,-1.607129182299687
0.005276810589740714,-0.06974106271071889
0.006026352960124446,-0.20787381603910404
0.0052264521427064494,-0.1263709383275895
0.005434768532329576,-0.21943467106719083
0.0072587798944144435,0.11214609570470202
0.0072587798944144435,0.02570379023237024
0.0072587798944144435,0.7206264605218422
0.004775286902375684,-0.12015594942275243
0.007728480179756545,-0.046422714817460076
0.007728480179756501,-0.1708079755647276
0.007728480179756545,0.14902302383033117
0.005497188008427568,-0.34519517094925334
0.00408630603357104,0.03904779513064227
0.0072096270361234685,-1.2919609312962166
0.0037125530299242414,0.1903339697495241
0.004576647681436863,-0.1266586549478319
0.004268460729583799,0.03326364095165957
0.0034430245424627148,0.39535974740142166
0.004279192096646212,0.049625187646441304
0.004275662521761833,0.16131435051401866
0.0034981746668798813,0.3884684667699574
0.004815034916799669,0.03353332181931279
0.004815034916799648,0.8050118717692669
0.0035990648785482666,0.27758187273036583
0.004167084472386059,0.2790160766792482
0.003805266087936466,0.13800752253055037
0.005170528986477255,1.9697980413226475
0.005002948130852711,0.7458723024202101
0.004267586671644628,-0.18058814938805057
0.004087449693880044,0.11373156394930817
0.004087449693880044,-1.0743412704606712
0.004516211243952173,-0.3360715345461571
0.005072773698875334,-0.30494364368288274
0.0049435926207565435,-0.3381694955546948
0.004476459426823873,-0.392167115775635
0.004547828053038111,-0.37361993969376783
0.00427466794032009,-0.3366108262050176
0.005982386751957649,0.023453060218386668
0.005982386751957646,0.8463386588414394
0.0052098813806074765,-1.4717765215436316
0.0038867891633071186,-0.17348920657257594
0.006880698801720573,-1.276423459345068
0.0037184776454888225,-0.09353501698321764
0.005249086110933863,-0.45744532440345154
0.0049822622371769355,-0.41754816110081094
0.003650456546789817,-0.05746840546537868
0.005864227911669108,-0.22068980728194276
0.0036736713244384053,-0.08393539442651132
0.004139131551424632,-0.09462569529748777
0.005470144787846054,-0.35648512746306693
0.003462261255307048,-0.07922079600805887
0.004447410594941398,0.15189799099595547
0.004447410594941887,-0.7776903091931189
0.003359394290642239,-0.11394046600322127
0.003865815308573478,-0.13654909061327913
0.003699255330468582,-0.1905636905868633
0.0031781681830889844,-0.204833933550141
0.007407031051642854,-0.47025981835239605
0.003137076664667219,-0.2885807350625029
0.006256250954045798,-0.4730778249420311
0.005865306556353534,-0.5338552561277865
0.003042445233689444,-0.32788609292429527
0.005709401741864072,0.07470900533907354
0.005709401741864072,-0.519769415289538
0.0030448285666027247,-0.27960228448210955
0.007515460398405282,-0.2458243078113398
0.0063866924929887854,-0.3249917613221385
0.003031581270558424,-0.18616499249115037
0.00694852151540135,0.31577231006223627
0.006948521515401792,-0.6759354711774677
0.0029297051046137624,-0.15483891031535535
0.006473857119213904,-0.1707217196674904
0.005978918380443214,-0.25450072641013577
0.0026318529594184866,-0.12479124489247795
0.005068183229718298,-0.10595469253817669
0.005068183229718739,-0.0633925778591049
0.002441811827311822,-0.09481164520446583
0.004342182055142265,-0.24067036530570363
0.004208610221913997,-0.1954059796330796
0.002268388855553589,-0.04012308848773927
0.004240871166399745,0.004492313492988842
0.004240871166399721,-0.07049059236133104
0.002271291482835118,0.017172903911536253
0.004724332333780192,0.0455350204144338
0.004397326460475696,-0.0020222442832675824
0.002504990219541682,0.0517558991871212
0.0058735672295461595,0.1777125921331617
0.005873567229546188,-0.08214934007081354
0.0026680189279687473,0.04250918327861086
0.00548680690383753,0.06943574685153919
0.004686077784245761,-0.008734231428910277
0.002802010885060921,0.0025337425065288244
0.004371549210519917,0.1155672014863498
0.0043715492105203015,-0.1092320645338063
0.0028260198159248337,-0.010355059123000387
0.0047502767287810515,0.055761315411317014
0.005299190598572604,-0.08828554018793255
0.0028503087552051902,-0.019247122127836747
0.0069025182542314725,-0.19643043338579957
0.0069025182542314725,0.199168974595743
0.0028879274575377527,-0.028003310283963856
0.0064759549102814794,0.0022200820512310315
0.006185311148196334,-0.0763669804281335
0.002945715023555299,-0.05513285766522813
0.005002743347404464,-0.01564852327022237
0.002965925993682096,-0.06145496815042151
0.0029955623845948974,-0.05809094581003649
0.006611827021519972,0.21345237888350255
0.006611827021519555,-0.13389059285736238
0.006611827021519972,-0.06942634782588186
0.006611827021519632,2.6215854520445774
0.0028323304891908476,-0.023451842171645865
0.006315368655114109,-0.013351200772319771
0.006315368655114109,-0.30852553708514563
0.0028196840248509015,0.03842934822633026
0.005763614317422791,-0.03834990152529372
0.005051354867755849,-0.25039331451813496
0.0028608392125388914,0.10811278959496917
0.0051506128761534395,0.18307469446522617
0.0051506128761538315,-0.19589937901503873
0.002834438392345244,0.10301882078437785
0.0048158907794924955,0.06046739929320921
0.005266435321923022,-0.22705993681397274
0.002814218363951258,0.05615294256947578
0.004806414255971081,0.3028232629976486
0.004806414255971038,-0.5652923322439776
0.002875961926034616,0.032930067932952056
0.005122882977386604,0.03458034278536104
0.006665466600321604,-0.08646818916236754
0.002928382659421413,-0.022928228799813155
0.006385030951373836,0.21586421241063647
0.006385030951373363,-0.4612952613177299
0.002848904350798643,-0.055132886236634704
0.00672595346400779,-0.04712291876712982
0.005541575317542892,-0.253974201985244
0.0027357284221938578,-0.033922306637172994
0.00616783872195101,0.13102567059629422
0.00616783872195101,-0.29301733861642987
0.0025159525035262443,0.047064899394669624
0.005694997892888161,0.06410231577233816
0.004639962607607914,-0.0480233571809876
0.002353853436388857,0.18790002011195384
0.006460638513335715,-0.06715952259632019
0.006460638513336158,0.23239782975343104
0.002179565553040245,0.2477028979951328
0.004096849185655088,-0.33250809738103015
0.004096849185654649,0.6915730055914864
0.004696927187001927,0.01554308644636393
0.0020925126045020065,0.23076070099554613
0.004961401616478876,0.2111012197355464
0.004961401616478803,-0.1714197106541704
0.0020047027211033417,0.2000636754599796
0.007339793593828036,0.18334021655432764
0.006771106408852086,0.1270634774139836
0.0018653903076837827,0.15898019724096457
0.005726000776186663,-0.0400433643845588
0.00572600077618622,-0.14032040436180182
0.005726000776186663,0.5529713667764398
0.005472461649020333,0.05735736465167918
0.005472461649020774,0.28035562513549195
0.0063904430255262434,0.13567484117247375
0.006390443025526307,0.2134095130814302
0.006390443025526683,0.0964749859228462
0.006390443025526307,2.495849115656924
0.00378881577804998,-0.01477474503343501
0.0020598167394214636,0.17443509630030007
0.007209112029230889,-0.5100487048965334
0.0072091120292305175,-1.1343748761583043
0.00207603901697463,0.14545908706885058
0.003370092728694794,0.05497769764170357
0.0032144551637874547,-0.36256217983258665
0.0020934958801007673,0.047873437572661715
0.004858541550712778,-0.5433524070366644
0.002071714266012204,-0.013209669967153559
0.003789576493488696,-0.10434163853501843
0.003760647949489514,-0.1833342995285534
0.0019749035419483964,-0.09424580845046648
0.006340380193647453,-0.3774973338129257
0.0018949923482698484,-0.11526416917172355
0.004973478661861909,-0.12743811446067355
0.005964375323535663,-0.17179695833420539
0.0016798101083157456,-0.08953529822474593
0.005195214384411893,-0.16336465156355473
0.005195214384411893,-0.11210476979704254
0.0016782458103627826,-0.09916769256908964
0.005730876547265403,-0.08228961486932462
0.004840229436710763,-0.19262970895776022
0.0013986000143001085,-0.07161321805101295
0.005115894178928695,0.10804368226542493
0.0051158941789291364,-0.2966475093481904
0.0013129577297080139,-0.16963257875952564
0.004617881873760163,-0.1853458592252224
0.0031831760868665285,-0.23824625042882985
0.0009320000000001549,-0.2671199223653673
0.004732254483858289,-0.3562059014639516
0.004732254483858726,0.07741413709725009
0.0010383775806520066,-0.22616760664551805
0.0072655642588857336,-0.048725463678941594
0.004160497956975852,0.18370143383649662
0.004160497956975888,-0.29660711898619496
0.0012504675125728042,0.014053131303107591
0.005519600008152548,-0.04221528332362823
0.005519600008153023,0.3755701411953041
0.0012675413208254958,0.12040179589358502
0.005187845121049737,0.28560659056216764
0.0036252587493861756,0.19628929467390321
0.0011368025334241507,0.11345405064248837
0.00401782833132529,-0.3499172184142765
0.00401782833132529,0.6163830606632743
0.0011221501682038247,-0.0024658906151699966
0.0075975473015969085,0.15820448598815062
0.005297510075497815,0.022283542056491967
0.0013142773679861758,-0.14476055243122943
0.006262647623010633,0.12072920549405097
0.006262647623010636,0.04214151810279532
0.001526643704339545,-0.16654189567676525
0.006750830615561377,0.06935001217551928
0.005753800917654245,0.0737336986821262
0.0015342522608750393,-0.19117489297125445
0.005553828569354627,0.04189669699306364
0.005553828569354163,-0.07272422994808636
0.005553828569354607,0.330195609830632
0.0016140027881013097,-0.1649052923736818
0.00490709302948328,0.31884029128508473
0.004907093029482875,-0.1845067281546804
0.007644295237626544,0.06022090394704094
0.007644295237626544,-0.1353645275715536
0.007644295237626612,0.09336851415021385
0.007644295237626544,-0.06390808691527639
0.007644295237626544,-0.06689458477177368
0.007644295237626544,0.23947039310922236
0.007644295237626544,-0.06787070830881703
0.007644295237626612,-0.06686652809225535
0.007644295237626544,0.01722201094591469
0.007644295237626544,4.522965189347801
0.004211003680833988,-0.0817295851332247
0.006923381399287616,-0.43714313841577734
0.0038745231964719905,-0.036195602457191
0.005068763261388541,-0.1554974606025894
0.004839444699549458,-0.11630901532753768
0.003555674338293818,0.0037907974947941625
0.00451458757806279,-0.03603643931640477
0.0037061786249450944,-0.08939165794315329
0.0036609459160170596,-0.0993653024151584
0.006221513972588116,-0.09763078115540225
0.006221513972588489,0.24394245096112854
0.006221513972588116,1.3637525457750783
0.00429665462889452,-0.0821313546264264
0.004813785412749312,-0.01769143846490806
0.004813785412749721,0.7720914937320842
0.004714115505585213,-0.12901453006741548
0.004607003907096265,-0.0751585779774473
0.00441944487464188,0.010031350237632353
0.004334906804073268,0.07398296202742927
0.004226846223841161,0.13987633571977653
0.004149188956892467,0.18922488790124703
0.004177432943806448,0.19009620243438263
0.004273342719698547,0.15440310028291293
0.00439054711852674,0.09807994693734656
0.004512980833107795,0.032773286396839296
0.0046403620548399905,-0.04307072251160804
0.004765115423575902,-0.12455116402284716
0.004886124128591098,-0.20596387868830135
0.0049589974793297145,-0.26769646175286965
0.004976582060008729,-0.30558164279142375
0.004947759593997913,-0.3260539731009473
0.004890548946693341,-0.33871633965332393
0.004805112381619978,-0.33976030767022536
0.004690306812992065,-0.32508939091982114
0.00455209545154784,-0.2990744695731209
0.007900920840003215,-0.008876211045098614
0.00790092084000352,0.09637536833695037
0.00790092084000354,0.014694074122061807
0.007900920840003215,0.09586170634035085
0.00790092084000352,-0.12031866060944196
0.007900920840003378,-0.05343483024996232
0.00790092084000352,0.01430038002150269
0.007900920840003215,-0.09089610107790946
0.007900920840003378,0.1456636547657979
0.00790092084000352,0.28902107446718617
0.007900920840003215,-0.13976443232611047
0.007900920840003682,0.20065149319492548
0.007900920840003215,-0.09324479318264167
0.007900920840003378,0.13274914620706824
0.00790092084000352,-0.10120252421769749
0.006694072004393074,-0.2368299050413043
0.006694072004393262,0.06967062065695018
0.006694072004393074,0.05648863011798255
0.006694072004393074,3.0299299122489103
0.0062979090180789316,0.3899086712652675
0.006984843949581094,-0.1867038876227909
0.006344359699764907,0.8550059279463014
0.007051508845630139,-0.1548187272109658
0.004352425674264878,0.20544982740789663
0.004352425674264878,-0.11071085948658066
0.004116311607495261,0.473226238570156
0.004116311607495261,-0.4577787039529255
0.007008555485975707,-0.1556336698243399
0.007018782248367649,-0.029282792445762595
0.0070187822483672654,-0.6605326314058786
0.0068461499399299205,-0.09678831971192636
0.003972386813994944,-0.8216306490643106
0.004609042633779512,-0.33770853451684957
0.006483339031702679,-0.020060526244797927
0.005505742820001873,0.4370912204912827
0.006222766747998714,0.07941101546101237
0.006483842225100832,-0.3066425948578697
0.006154496567551292,-0.15220219728592355
0.005784574314502307,0.19520865197785042
0.006055250696709568,-0.2657881360066554
0.005645860164757563,0.17958494689288784
0.005672969063903135,0.05013485860321509
0.005722654017149704,-0.04230906813551627
0.0056062111983049496,0.11923602730541916
0.002737116183138837,1.086943650226793
0.00577253150706,0.1174535438632276
0.005725944463579786,0.13515000121091703
0.0031772321287560166,0.9004815267205899
0.005724727067729973,0.17484401934574123
0.007269355550872478,0.09876741340388406
0.007269355550872194,-0.0835746148633163
0.007269355550872478,0.26605464267093026
0.0072693555508726495,-0.8182564626923323
0.006125526018229017,0.16162626441605
0.003245486712343545,0.4438354941031477
0.0053605284254447105,0.8322704476269749
0.006111824768430723,0.024486106465396063
0.003930623360231883,2.5538555536156835
0.006433691397634836,-0.10869011356400904
0.0015812583596617523,0.7146276692771281
0.007997602765829104,-0.7502084779253408
0.006375986355066868,-0.26316427892869143
0.0015789772005953989,0.6034379762864148
0.006313120068555629,-0.303574975762686
0.0037283472209546113,-0.04023734210255725
0.005720269617771436,-0.019847971436718126
0.005720269617771436,-0.8773580744773
0.006164185672090191,-0.28167328674814485
0.004731800344477771,-0.014196250707101399
0.004731800344477771,-0.9843574953534358
0.006008101363991705,-0.22314001574597597
0.0059083244663778066,-0.18223114838100685
0.004345396472130064,0.08070773444278956
0.004345396472130064,-0.7275764544624508
0.005728125784233521,-0.11926816032877952
0.007840447181124336,-0.42355173861584916
0.005637149102161276,-0.08407609505503189
0.0056080522465471365,-0.0479819311814893
0.007413880630277144,-0.2498693697171248
0.005535201261020301,0.08078600627865029
0.007019182929657807,-0.03693235752080426
0.005433724781399909,0.21534568918097108
0.005388599539769148,0.26117079831690404
0.006734407917553024,0.18583802802275784
0.005424118453721254,0.31121271095432945
0.005459187485331614,0.3248791794897343
0.005494406064352971,0.319112182714548
0.00558846571072955,0.29230258573988976
0.005710316366016742,0.25290415926401977
0.005833849929506367,0.20594051374017397
0.005941351024809178,0.14555313092415645
0.006066620146341715,0.06709007685608981
0.006216803841203244,-0.0141739169110906
0.00632732803006137,-0.08569381557405364
0.006388912427009794,-0.1473153513688814
0.00644513188383279,-0.20250482357863575
0.006520437792050518,-0.24256690097831068
0.006567246074268986,-0.2508742761789762
0.006578978036138909,-0.23983757793969573
0.0065807310384182515,-0.22175856070909106
0.006604570008713576,-0.20423445585747402
0.006636136300589438,-0.19248966288344604
0.006688988114804742,-0.18985723094739626
0.006773307685318991,-0.19743405105196388
0.006872652835695932,-0.2099624490051326
0.006992213526488019,-0.23055039904507169
0.00711787046805414,-0.2536432124807533
0.007261357793140391,-0.27856639980245745
0.0074219148472614484,-0.3031468913682076
0.007573880643369103,-0.31865586094113496
0.006062486884292783,0.13951738263507707
0.006062486884292985,0.11631614931476975
0.006062486884292783,-1.0178071556802166
0.007649834638735578,-0.31208638779398257
0.0046436423742574635,0.24249693712953047
0.004643642374257563,-0.572580961124487
0.007855271860349735,-0.3081657600889969
0.007984063188627542,-0.3337887768205263
0.004067621448709395,0.15227241333629138
0.004067621448709395,-0.5212641075024607
0.0041502969773257094,0.034819013742918514
0.004150296977325895,-0.4374093124947933
0.004228384591070335,0.11235077171923535
0.004228384591070029,-0.5429468970437057
0.004643380153508951,0.048059752309754344
0.0046433801535087455,-0.37444722488609017
0.004292188398707676,0.11506827667565034
0.004292188398707588,-0.5674324914394901
0.00440708940231546,-0.0367173200923645
0.0044070894023152535,-0.3123351482165546
0.004278490884646119,0.25091043201744156
0.004278490884646119,-0.6058939385007989
0.0042438702265739274,-0.020122892456015506
0.004243870226573723,-0.2519802439893297
0.004182142184335725,-0.001646761433988786
0.004182142184335725,-0.17838150997369695
0.004714585241566688,0.0006949882928566353
0.004714585241566888,0.030813798395953995
0.0043231656225502825,-0.36688132163547493
0.004323165622550213,0.3742350827760248
0.007935240387033062,0.032684445198157164
0.007841399109852624,0.06643511859575568
0.007475231434544563,0.12489285875967937
0.007724572868450401,0.08894109387182425
0.00725188672001974,0.10325645866540611
0.007710826739072881,0.09062959673342874
0.007729430638798695,0.09454072496434662
0.007041701853955387,0.10878285084170614
0.007669706252523671,0.1091096311016031
0.0066470237700792505,0.13494273208782204
0.0075893146594407275,0.15799377123281033
0.00756938636878841,0.18476884676400118
0.006226123111535644,0.21021357000936547
0.007470465112695546,0.23232231614657906
0.006055795984014077,0.242770205415745
0.007396860955837798,0.2561178014292338
0.007379543752834599,0.25574578408167525
0.005806569555253833,0.24298159637749706
0.007298688169801526,0.25427262452262056
0.005504446566186319,0.25246542552989837
0.00724920188710446,0.2489520026616816
0.00727367376227455,0.23549654122522412
0.005472039656288903,0.20679456810815822
0.007285955599645098,0.17122993181398272
0.006194400697404045,0.18673203646795855
0.007379385679038708,0.0957243095276894
0.005610924790085873,-0.06564134407462774
0.005610924790085715,0.1470087844527157
0.005610924790085873,-0.24006825856628922
0.007837696855581925,0.013804986418129772
0.007032137655080574,0.011351464310081383
0.007001349941261364,0.006078082009970842
0.004571751578990185,0.03919815377678759
0.004571751578990185,-2.1720396905589396
0.00678122304602953,-0.43427812768609186
0.006600801845230588,-0.3634444197033204
0.005847363337436852,0.01009601509888114
0.006400070312113727,-0.31340676557896074
0.005592942070145216,-0.1307881982062895
0.0058090168703490135,-0.3835166552329241
0.005703017183912403,-0.4004498121866007
0.005019143851295609,-0.19175272939354926
0.0059082231677554334,-0.5157156232304629
0.0046865324068014625,-0.17616283394610122
0.004985048545400461,-0.2640303719416437
0.004692303165823874,-0.308884121375236
0.004235915131349881,-0.14803644859384946
0.005018642047406967,-0.4668250686780411
0.003997723977465165,-0.1389324247793624
0.0043536813158519885,-0.3041637653322766
0.004361101237073181,-0.226351845046743
0.0038774291740790202,-0.12932621480893403
0.004942078914788859,-0.24730921930330396
0.003920179205087418,-0.08057321804699313
0.004297331730271675,-0.1234469216232057
0.0044324766214837415,-0.01711043253987299
0.004025231049269138,0.06316019790327942
0.0053285082340182015,0.13585101979839465
0.003951037332144763,0.13675353188877892
0.003936689472132596,0.155481283633101
0.004017073810623769,0.018959658117807976
0.0038730407950343057,0.1454389202465336
0.005219393547147132,0.7989322925608846
0.003534413246919451,0.08297533256169487
0.0035784267492851825,0.042531018812780985
0.002983893094599668,0.4809287771318935
0.003571711214530011,-0.03486432735786593
0.0033320517703060736,0.2715506656279274
0.0037195538710981424,-0.06232440507636028
0.0038207754448539915,-0.04184154513791327
0.00363966385810561,0.2723449425024782
0.003922658537267834,0.03397978478929531
0.003560819147331241,0.28818470389479955
0.003969579448757569,0.08071934340505749
0.004012245381329567,0.07678219378311724
0.0037584890581191027,0.3037004504111991
0.004146950686950457,0.02980345964765263
0.004519362455037233,0.29263295273742784
0.004290624663146417,0.010453743822452566
0.004370820060354827,0.011349726392396065
0.004691952258921745,0.2505186263013641
0.004497032910708909,0.04554236310169557
0.004726343618485628,0.2657178124478463
0.004657133131015313,0.08283261141632181
0.0047570463525174085,0.10850093368589597
0.0048111291813875915,0.24480043634442694
0.004874527772000337,0.14888153949593175
0.004954343750689746,0.2773956004196947
0.004941115764683194,0.1608120123267227
0.004942456980085815,0.15787259092955708
0.005175531373685121,0.29898857587831884
0.004931992295209042,0.11781504096546058
0.005254922454232659,0.2301905226976828
0.004886949355170437,0.03730752235406953
0.004880530811295041,-0.010398646086777319
0.005240532988160661,0.06081564375028137
0.004898908041594532,-0.11551770093514335
0.005559174489076586,-0.030959143823700686
0.004999860498054011,-0.21737528216645785
0.005085077973836832,-0.24540528133577055
0.00602499302904148,-0.11939696287728196
0.005297278640962742,-0.24384312872135183
0.006157686091382116,-0.08294233688729946
0.005530538942996503,-0.16054503838153522
0.005644760845244001,-0.11447137483905578
0.006939513023260313,0.05883510007429038
0.005952865024507046,0.009900870757732605
0.00665809469743409,0.19165417312392918
0.00620680465295957,0.10562673326935368
0.006349040636190697,0.14050661446327695
0.007085266755740202,0.3023219047175232
0.007361255222069423,-0.14645782665338203
0.007361255222069386,0.3464888986295307
0.007361255222069514,0.24216535793640048
0.007361255222069333,-0.02824190160107065
0.007361255222069696,0.1962837396867485
0.007361255222069296,0.2430658567926116
0.007361255222069333,-0.25138598884322505
0.007361255222069386,-0.1125301532071532
0.007361255222069514,0.4018055344802889
0.007851449802424935,-0.6122603212732045
0.006988049227073351,0.18433722578119927
0.007570655585878997,-0.38079150168558584
0.00758435508134996,-0.48414371331151784
0.007515541896630061,-0.39035968181682534
0.007438390282850082,-0.016461728247620044
0.0071914216257984,0.12414123719700143
0.007285498267105725,-0.006409536681502459
0.007007960188242912,-0.24894406074729858
0.007122245853661628,0.10056339835952599
0.006642334303541334,-0.46057564845551724
0.007066264218099818,0.057028226049880004
0.007062487451316366,-0.14743693455653073
0.007090103313774813,-0.12683477896005968
0.006988129506527364,-0.030527276939409376
0.006909416762650884,-0.21157827831604692
0.007006993649205034,0.05801546641877309
0.006633393776944031,-0.07314539627596162
0.006644965763643962,0.047678598483557266
0.006441555790335127,-0.030433771915006957
0.006543291602855484,0.03260791665702101
0.006755360834182088,0.058269586802254025
0.006109278926354473,0.07309003188204599
0.00576916579758292,0.14052806393342365
0.005839656325504151,0.13886388561057572
0.006419127978160216,0.14293276720349013
0.005524898189107242,0.20502628282678614
0.005696289757377073,0.17022515497261992
0.005313953424711243,0.25507480472715827
0.005473542545737727,0.2256358187957943
0.006188139946704363,0.16906861510129545
0.005223615318914662,0.23769616706158558
0.005551507272804403,0.21342517697686247
0.005378188635590995,0.22662023060774317
0.005658727772211663,0.22238978758441164
0.006094330562088069,0.19825142102853022
0.005382648604544036,0.2327349843589701
0.005516549646291607,0.2543071930013028
0.005217940302456498,0.2821383346375157
0.005317307025177311,0.3262034004294705
0.0055664827314921665,0.32926159891506757
0.004695601878353806,0.32362135274546233
0.004725688309653963,0.2853816421480957
0.004321135036075602,0.22409302412676624
0.004318163730105594,0.1772972585877497
0.004402937428581145,0.0860573408744969
0.0037502837226001764,-0.014301663234498108
0.0039486358403883785,-0.07063773124865946
0.0045558226479967155,-0.07177361897372947
0.0035889123700641483,-0.1734905763264436
0.002341656037935556,-0.22386769770076853
0.002938408582889775,-0.30268207536666125
0.0033755552135907602,-0.2641267231110689
0.0035215861483144273,-0.15316340644045567
0.0037602352320034176,-0.12690050246386164
0.003808055934463071,-0.1410940869271613
0.003783850552017094,-0.08371703937893216
0.004150019879470412,-0.10480150194474902
0.00464315205437004,0.014332611973173925
0.004320674484383238,-0.10495633198276266
0.004754343067133337,-0.06570462584080161
0.0047362267682196785,-0.13344072311929978
0.005040867881625144,-0.07011101885827742
0.005092396783440985,-0.011752379324121875
0.005330344829370788,0.04547690478233335
0.005774132835327001,0.11734366596778045
0.005428560490590358,0.017356076329768655
0.005750178432014126,0.20137450913005495
0.005615732988666732,-0.4567061841769089
0.006213846554268964,0.14921464042039645
0.005441268234520145,-0.14299460014204612
0.005772563035602253,-0.11265351565299397
0.005731319307105373,-0.31386913327983734
0.005640815987071589,-0.10901563011830717
0.005802599848343817,0.015834183819478653
0.0063592012076987255,-0.002643800922214723
0.00556905180439184,-0.0015255589468452513
0.005569783209425809,-0.0013719655014199361
0.005368875673732752,0.01760449577461287
0.006414976617260826,-0.023188117085133797
0.005265206738580878,-0.042825162040387
0.005386226137102122,-0.07181971767160178
0.00534696745828888,-0.006115728935405684
0.005198804574130396,0.006818584853235166
0.005159695436748141,0.0024896518233248344
0.00652823169012861,-0.04898730996794143
0.004912451221131852,-0.08144741524887422
0.004993065290980986,-0.14896720483411485
0.004714093974455709,0.10392864576128602
0.004723495739386371,-0.02259294722691152
0.006325928390362821,-0.1378384502255372
0.004453548360577358,-0.2514085178847765
0.004912442264291711,-0.2890105030751542
0.0044173436588065725,-0.02419219970182951
0.004482370020424687,0.03679891411402281
0.006402649607779353,-0.1149691883900843
0.00770055682661971,-0.03197708148895373
0.00770055682661971,0.023332125264971637
0.00770055682661971,0.4377748666533563
0.00770055682661971,-0.08058019142302442
0.00770055682661971,-0.1651650691883475
0.007700556826620049,-0.11317482921997168
0.00770055682661971,-0.3144032562263064
0.00770055682661971,-0.10136050349880321
0.00770055682661971,-0.061750085444700176
0.00770055682661971,2.2152814879638996
0.007382886766028608,0.24876596489303893
0.007382886766028467,0.07203030931340493
0.006746787383636768,0.13776213055341202
0.005075581641546137,0.1865931835391592
0.004650853685077669,-0.0631019361025551
0.004252483979981684,0.2722629313398528
0.004467731527296275,0.12632608106184762
0.004399919203803738,0.024526947553546563
0.004433248921502092,0.07714374186217299
0.0044762595992635735,-0.05509223625579551
0.004296448882507546,0.08380027121642541
0.0044226341698133526,-0.032048704415309714
0.004336452005960826,0.006123579647798749
0.0043526309285305004,-0.03842886052204619
0.004305471983418271,-0.049640378725491985
0.004391069345842681,0.41461606480987
0.004062696887536695,-0.08564710164409206
0.004990528729503371,0.20066151258465936
0.003959494917284354,-0.11838399250946452
0.003907942937147274,-0.13387374741588332
0.004599367456509618,-0.10864228763031747
0.0038916600570966806,-0.1523921616741788
0.004688848579342215,-0.0760297845158604
0.003981109644307512,-0.14837053532503575
0.004036108274067977,-0.14306282097545875
0.004699673180126545,0.019283657980452062
0.004189981026209973,-0.13870973485497728
0.0049814254987907486,-0.07073019796656865
0.004514660563098499,-0.08127309302362562
0.004695110009361181,-0.03988291160275992
0.005114789927259905,0.18982511753740283
0.005025909370452239,0.05909766857769938
0.005257586138143581,0.292885849701932
0.005896380669529568,-0.06838203879873106
0.005896380669529305,-0.235834038545498
0.005896380669529261,0.8144889128236841
0.0049923947159652106,0.12168291889335592
0.004125383497325001,0.19375802317405544
0.0041498530094449355,0.5167104770896387
0.004247958215425407,0.35336553732928877
0.004768005138420185,-0.0492393224358878
0.004289403221894633,0.20141205839312448
0.00445870025904413,0.05877347746422146
0.004551112830945775,0.005621256560480958
0.004204058277426831,-1.165879089790856
0.004766682389251228,0.3282317386742122
0.004722868302208012,-0.18016223026094025
0.004831136615745692,0.15240354548745216
0.005007439465435578,0.09189857767727005
0.005066225518075469,0.11955021251058184
0.005254292721194883,0.08842796402099395
0.0049889418717800425,-0.15326782299379005
0.005502818550524782,0.08129366908155333
0.005943710625526729,-0.06418871416263983
0.006055413776118179,-0.14686247100036098
0.00563122739729093,-0.004050744873502765
0.005934612034497136,0.43049343529270345
0.006235054530635691,0.4173018074976156
0.006370855672513592,0.5403200931570069
0.0064434574569868595,0.43196727154959547
0.0066868136657156066,0.4132800543243391
0.006116968203285215,0.18515617716323618
0.0066648490605563685,0.3432692424752233
0.006874322730276665,0.21055632817289904
0.00662181161012596,0.5186750786059164
0.006089394879624756,0.060129570358483875
0.006585608703832916,0.913897374459772
0.006581588030255396,0.4363953813465429
0.005992736019549108,-0.007007090726013132
0.006589985204839169,0.2754529050514236
0.005875353436177202,-0.028019548224484936
0.005799846377275866,-0.03045857450198497
0.004749960973523905,-0.272257013929881
0.004749960973523952,0.2002564788898411
0.005675353116767263,-0.017816245481320436
0.005633635593468809,-0.008102544743259443
0.0067770410209768315,-0.10117134502069547
0.00556288018925441,0.0013729983413952596
0.004077475260501417,-0.12045136514148425
0.004077475260501096,0.25745512793420744
0.00574273889359431,0.005143280811516604
0.00729837577821251,-0.14447600968858154
0.005879148577812943,0.03287030112225153
0.005860102132215823,0.05112668049046931
0.0075581907888066764,-0.1789050389409539
0.005855959357782387,0.07931741743469445
0.007386570313751693,-0.17070297319532557
0.005903302465569635,0.1142897984151574
0.005891886115667856,0.1255157327424925
0.007221370783999326,0.030780102356359862
0.005974817988859646,0.12321412296146406
0.007349689857402076,-0.06430033120331302
0.006424835639921182,0.26880189943802435
0.006178119535910592,0.08300352552033274
0.004029037912454963,-0.02395681483566392
0.0040290379124548826,0.546122302553826
0.00703093770417584,0.35962933638629835
0.007828748111926919,0.24477080394369466
0.007699079555375565,0.16002551856168878
0.006847281796450342,-0.11272112518050648
0.007596885677696839,-0.008960147889375492
0.007778610737143407,0.02392010678477874
0.007654522650041579,-0.09555622078580228
0.007883942795327663,0.009018301246889848
0.007347159723321682,-0.18203984946052998
0.007578879336683053,-0.07422575613777838
0.007717028573226666,-0.09254059334694631
0.007458774832370334,-0.16314543186273056
0.004193180684158734,0.19385919278415997
0.004193180684158259,-0.09760897237185873
0.0074973501985701515,-0.08594250314882146
0.007817067033101305,-0.022752356725710854
0.0077177547253072095,0.08775334500587206
0.00752400066454011,0.1860696296414588
0.007460472907262709,0.2698556080982826
0.007309492595249016,0.2223786688966456
0.007188648412601586,0.32262317531438356
0.007211107127203017,0.2556376617339069
0.0076346100915502275,-0.027889511142738854
0.007634610091550191,-0.2579412835400561
0.007634610091550267,-0.17776829371651104
0.0076346100915502275,0.523556226557524
0.0068604773157557985,0.20986614620021982
0.00428082518330309,-0.22132283004324194
0.004280825183302646,0.03874632597507599
0.007367372462418314,-0.05647666771390192
0.006640279662785381,0.10139332228053632
0.0061994271509550995,-0.13909489544863618
0.006749092531592579,0.6738659154559059
0.006665153036502625,-0.0006417582306710301
0.007160711696472765,0.5694446739978147
0.006789492543629435,-0.038978261492644606
0.006862237681689567,0.18132823922288566
0.006865615267403177,0.14337234573483215
0.00687403149541813,-0.053176900260382354
0.006885478124284429,0.1870537355036248
0.006649129040709045,0.4560985493732801
0.006996823422096599,-0.06205743908771666
0.006997403304083602,-0.11523072049192251
0.0070379389738757904,-0.0790618422349354
0.0071409380336199925,-0.12897717578790235
0.007247349032577351,-0.1338386073815414
0.007275347758011295,-0.16992799747951182
0.007297786308189653,-0.18382643801894005
0.007498494382207659,-0.16470033394340078
0.007404293889359146,-0.18698913120400817
0.007568557920766664,-0.13058743428649677
0.007148528030301069,-0.13159711466144586
0.007259740009118767,-0.10154006883347932
0.007513192463926371,-0.042485222222801156
0.006375855079908865,-0.1264737497834787
0.007438919948487147,-0.009449735715449492
0.00658811126196277,-0.0617495953758862
0.006885862110150049,-0.05875156290552752
0.0074830772413492985,-0.021119062659217036
0.005780157523805071,-0.19537270785185967
0.007489173652680243,-0.05860124853358428
0.006134292135201876,-0.16792551062788874
0.006131020959024723,-0.2277705593505317
0.00747324093014538,-0.07394767887377895
0.005915850741863001,-0.5163329227198972
0.007353179040387905,-0.07981805952589838
0.006138823665817455,-0.20459124736404988
0.007334403656739914,-0.1424757655344493
0.007360283486388275,-0.17182702996117172
0.006959306017843775,0.2904624110841709
0.006959306017844208,-1.3842972813666847
0.006720396565679741,-0.19255652603399653
0.0047878802198885045,-0.7740850565754087
0.006336334902765171,-0.15940155985558846
0.006239774435025657,-0.13340684189030583
0.004807283016424093,-0.5109228073187921
0.00589471839870235,-0.0642875910143843
0.004823792076779332,-0.16449416430329933
0.005709282354201787,-0.015580167292654323
0.00568166612887451,0.003986822238836396
0.00484330135341582,-0.20727687406712647
0.00562022241552766,0.019687352316346107
0.004945839564725104,-0.20294623957070002
0.005613770390744504,-0.008945154759025797
0.005646090682941589,-0.03216124439439483
0.004940928860042475,-0.24675917796159297
0.005620188253074819,-0.08606625372283361
0.004860797979756138,-0.21337602326181582
0.005618458240478418,-0.147189758309608
0.005624754216852523,-0.16384647676408548
0.004792439566650881,-0.2928147653768747
0.005491694183036803,-0.14077436840991453
0.0047194534641206215,-0.28526509400516886
0.005250585205479483,-0.06663522845666847
0.005150872935726501,-0.028793708448539235
0.004311386088023078,-0.12487843426327316
0.0049266082653282,0.02524074702035506
0.004149217034574316,-0.1274105255845157
0.004733389905765236,0.0652465661522399
0.004689480248385751,0.08518585410620005
0.003897887761339562,-0.03125311617559845
0.007820774861866213,-0.20537586866971935
0.007820774861866631,-0.26010592288267276
0.007820774861866213,-0.153374473228169
0.007820774861866213,0.19356420664723117
0.0078207748618662,0.15067326247532264
0.004470192501447999,0.02953919675722716
0.0046199611470227695,0.3880828149215816
0.00399304057079311,0.22512013422944221
0.004693992969743359,0.5423620401304134
0.0041627453681435025,0.16599582004780444
0.004274683146152461,0.16480283991545974
0.004515134549490171,0.11220287657384631
0.004533559418381985,0.023006124484005852
0.0047499142097515495,0.005623557959346215
0.004689595398325971,-0.011077408905414643
0.0046042938655129805,0.03807471131644036
0.004677775219054457,0.0808753694234241
0.004684423657185608,0.05275978680864313
0.004387315922064389,0.1309816113505491
0.004624313354434379,0.1055558217124144
0.004356950424322044,0.14440998838664143
0.004495351599152098,0.12216064953405237
0.0047098217588354635,0.051012422214952835
0.0042313137439806935,-0.030264903786779485
0.004854839338227406,-0.060402035031074774
0.004332982575547707,1.2796003712302735
0.00447616644015836,0.5666932113912679
0.005230264429261576,-0.13528698328101996
0.0038825357693137172,0.5495221898708635
0.005184900481205036,-0.05537599890937628
0.0058156840526285645,-0.531851861560888
0.00404944354201908,0.22980815928811893
0.004683636300995186,0.1749197624327934
0.004305167127998651,0.25208303814356725
0.004711199422652338,0.3192212194274191
0.004627502566179665,0.3343201678611223
0.004875335475636529,0.3297146599480172
0.005290616693732608,0.284438322266773
0.005121521063121737,0.2100015122486525
0.005798746847379997,0.146148066681711
0.0041134487963265885,1.3105132204206171
0.0054373294915795465,0.1458108241742906
0.006551191952614394,-0.0363430792212327
0.004468573486024329,0.16789978790276905
0.006767673824882487,-0.07498009442090137
0.006262332552651602,-0.16573210475085176
0.0066794661463323544,-0.14722874414893994
0.006976737991353739,-0.11697051269285907
0.006285584936980839,-0.2257426600567527
0.0070111312924521245,-0.1404321882632118
0.006427026450855716,-0.21571920816605683
0.006599129412278547,-0.21046911864351614
0.007148138568886262,-0.1970102037891408
0.005523158516646149,-0.30859236295481196
0.007237068812716925,-0.25132875249514797
0.006352358066104219,-0.3218444331287813
0.006560179342060837,-0.3101443632456693
0.007303816878865405,-0.28182693997547403
0.00401652598647152,-0.123044649606463
0.007078356094461599,-0.19601814797746897
0.00499738461597654,-0.1318011721744341
0.005290750891886741,-0.026016552951638516
0.006853860226179054,-0.09437690373332686
0.003999879998199877,0.07145023805592388
0.006739245135769823,-0.07102370937737845
0.005131562822376859,-0.15864182731299792
0.005752953415420698,-0.12550016152953702
0.0066662025921810026,-0.08682105562468223
0.00491100010181221,-0.3217935804185288
0.006518317344223127,-0.05534229213544961
0.004750297043343774,-0.1264167017145752
0.006386169822358259,0.024921439634468356
0.004047005436121824,-0.07380308412052727
0.004283509688327986,-0.1250561516312345
0.004283509688327986,-0.7884349423371901
0.005797003708813717,0.08512558176095553
0.0055710585170146145,0.06636463070848464
0.0057201295439875165,0.05145198871642975
0.0060537963295769995,0.02288438023520456
0.005619938166919665,-0.029919313062030994
0.006281417753978842,-0.038838208553961806
0.005975961930936266,-0.069415354232234
0.006137770930883648,-0.07492509312571372
0.006625219468063035,-0.077135831752706
0.00622635728174987,-0.11733040510542736
0.005764121528906042,-0.17388735230117902
0.005980075083140454,-0.7243424562578724
0.006386013232056537,-0.1665628422923433
0.00666899220272445,-0.17238769101199836
0.00631982792487269,-0.17224605255027825
0.006761711321847243,-0.16652284814859541
0.006502808316412389,-0.16935872679578523
0.00652977495783719,-0.1450713908374084
0.006780848324509471,-0.11871670086865294
0.0059628222344791605,-0.10649635406689839
0.006629878581090201,-0.07381224495308913
0.005915377418221256,-0.09045070046642678
0.005908744875182793,-0.0851095204658705
0.006466267315847707,-0.06821438875547159
0.004848642077943054,-0.12564570286923527
0.006392958626489086,-0.0554360146525994
0.005450219903820253,-0.07405045580668457
0.005511800522515417,-0.0361615608964172
0.006244993034423548,0.012349084722217185
0.004334296021270276,-0.044094067717054486
0.006092640150214225,0.03528230187214376
0.004683400474014489,-0.012819877160964666
0.004788135336433275,0.007208642630793349
0.0059192649881551155,0.06312483765898946
0.0031782550243805874,-0.008365122735959574
0.005815642354890585,0.1292189159940733
0.005878337605139905,0.16246921068657372
0.003341683707354654,0.11841233885804314
0.00591275781678905,0.2173458631534757
0.0040805520459859575,0.227702756960646
0.006023296854713348,0.24140654951358442
0.006126281498592652,0.23915876905714128
0.0050039480412972055,0.20218007970288454
0.00499016322378343,0.17071539502575916
0.0031273651849441494,0.1769113093103556
0.0064010881887378215,0.17516681686723246
0.0066509669221851055,0.15133254400601004
0.00665371873466258,0.11911817198983243
0.0072047446866631264,0.0717832088531054
0.0073014109595338945,0.023313747704513332
0.007481133136096249,-0.010904359269517272
0.007756716960157754,-0.04897086119524374
0.0076239404509743595,-0.06288025201860847
0.007954948459921146,-0.10629678936809484
0.007625320189998541,-0.12473771792236477
0.00401378188246428,-0.09026432292578335
0.0040137818824646145,-0.0345873708180946
0.004023897426624887,0.06688905453439276
0.004023897426625223,-0.19512377598232433
0.007579578484322283,0.1659955913267197
0.004014534997979113,0.22137850246058832
0.004014534997979113,-0.3122464109929197
0.007446207155324146,0.1443566510479144
0.007941053141743986,-0.0679653350093048
0.00786624205068698,-0.062405809849373384
0.007113793362194665,-0.07921065107728964
0.00768859915719369,-0.05585013216213497
0.0069579862747780885,-0.06059103915058017
0.007498499583249779,-0.01774832291739159
0.00745695065023217,0.01231906533624283
0.00645565209719392,0.02911513842396829
0.0073727132047841405,0.08184140168881271
0.006713440623108272,0.12173974307384583
0.007389768061313039,0.13118186844072
0.007431726919094809,0.13673604544396767
0.006985080171336507,0.15784738084781935
0.007592624381595581,0.08332753078452271
0.00737939292896119,0.09476538892287323
0.007808472962109605,-0.017249547244126973
0.007886292411520184,-0.0520072943244827
0.007477514627200717,-0.06527395522822843
0.007891120642849076,-0.06130671256455855
0.007357607559526441,-0.019897049064240946
0.00785428882840462,-0.0412315263501597
0.007858732785888313,-0.03849276861593154
0.0074795947082713565,-0.021826851796468816
0.007910203853251923,-0.059683206569069114
0.007492156565369013,-0.04030005534273329
0.004005398169969938,-0.34598506616890745
0.004005398169970194,0.24348100675963025
0.004038533211451903,0.13954879807523213
0.004038533211452022,-0.2705242803821619
0.007513533922196598,-0.14536220451877568
0.004108509614202955,-0.04376043663616258
0.004108509614203214,-0.1639074384044008
0.004266492821979562,0.061799192572649986
0.004266492821979066,-0.20624542179173488
0.004172295830834494,0.08631901609408033
0.00417229583083461,-0.3666172792885547
0.00418122987289639,0.3003747535091179
0.004181229872896274,-0.611977550734828
0.0077654601924159305,-0.2564252201980821
0.004182201961885482,-0.2114539575039842
0.004182201961885977,-0.16261220478675398
0.004098488501874756,0.3500949391972199
0.004098488501874859,-0.7075640559480902
0.004123358370309023,0.15013433763181894
0.004123358370309409,-0.5488023631412347
0.004070729203717657,-0.15996413048983982
0.004070729203717766,-0.23165994058064143
0.007951473133954745,-0.3659394907065092
0.007863882501665392,-0.34212093053645276
0.007804122308113806,-0.23554870856860788
0.007645673613227296,-0.2002571072029724
0.007352750573764836,-0.195591593920021
0.0071385333227489325,-0.14585373348145936
0.007085823099683168,-0.11161007288661295
0.006798935946160967,-0.07126082283297563
0.006739974629032158,-0.029008918630580638
0.006860254368461912,0.0077361535601312426
0.007129949298557502,0.05065675638724798
0.0068371368276495545,0.05400365797406437
0.00690920002605208,0.0803785995725903
0.0067908291835387085,0.11660438105689508
0.006755869300097526,0.16075521159450545
0.006382667780795108,0.16440615433709382
0.006760827833926817,0.2207640026280302
0.006715369833449197,0.24949449242982524
0.006868343759597338,0.24116537247632408
0.006944613524163893,0.22890921414058596
0.006888144960727757,0.17395926229294645
0.007182340356736251,0.17070070980597762
0.007436937541757245,0.13386326315377062
0.0074556046703134855,0.10562832896066254
0.007584889254300264,0.07148892502473814
0.007776052726158824,0.036146724500419225
0.007796136030111354,0.024774597110123864
0.007782010344377542,0.0032178781292913072
0.007860012277344168,0.020254153662229157
0.007832556160028346,0.03139007893305745
0.007252008342521437,0.18646355535145176
0.0077766281253508675,0.0662780514797845
0.007318061491952791,0.2617624166530632
0.0076887441107115,0.10425275228688236
0.0076241834316862125,0.12162229384043854
0.007427953284721241,0.23480065916272963
0.007580339965990913,0.14382960738551276
0.007348742001186317,0.25437703894095876
0.007597739466446657,0.17132891813167817
0.007643170153803828,0.17545387805527923
0.007416209072025972,0.213000599868451
0.007750003161289824,0.14437605541368015
0.007540413582821531,0.16372623980541334
0.007396107692563743,0.09346822961682477
0.007926499668832267,0.029959596014059287
0.007106676930886928,0.04390997722634182
0.0040060437154378495,0.15500083959818056
0.004006043715438068,-0.19744518162028157
0.007680900077464974,-0.02868921083899778
0.004036011180608823,-0.17134063458030369
0.004036011180608823,0.11192631187466873
0.004039577360318748,0.08053302514247207
0.00403957736031875,-0.1380967792644796
0.007924410451257588,-0.032813233322627866
0.007147854573226996,0.1465496667347992
0.007900598711490054,0.00468015955210177
0.007606319083498996,-0.04094580250448843
0.004052786849810796,-0.2035123735628943
0.004052786849811018,0.12367868259518389
0.00786413332796432,-0.11992980946484266
0.004070866768883374,-0.12985893034396412
0.004070866768883612,0.02005311609396898
0.004260968023818055,-0.29678162940406594
0.004260968023818055,-0.059183130431328834
0.00411599796525692,-0.26366260118600593
0.004115997965257165,0.13556643086957365
0.004113572778011968,0.028529302742910545
0.004113572778011721,-0.15593274985214833
0.007857532055295581,-0.2090304630486841
0.0040791280011787485,0.12182750090958905
0.0040791280011787815,-0.22044705983237378
0.00781207232429387,-0.1410310236203074
0.004028103430896582,-0.10987123688447298
0.004028103430896402,0.057019652241130814
0.007992691974547692,-0.027377029000227537
0.0075343121782947605,-0.09143630953928295
0.007912289175706431,0.011764351036781306
0.007341418119137488,-0.059038442804023816
0.007876236918732087,0.037897970919431145
0.007887039305087927,0.040869716090981
0.0074234681921590455,-0.025978938328840684
0.007883923198509772,0.027362452105407442
0.007346772420593959,-0.05237667975359983
0.007863015706457656,0.024288252376592823
0.007881477082374945,0.02067109498866415
0.007427874056552147,-0.016121456963560377
0.00794505229687009,0.005614967194595977
0.007426500993065229,-0.03908674078549268
0.004020206027058804,0.025170823743323467
0.004020206027058804,-0.050245038761929095
0.0040610708563136024,0.016713477591970616
0.0040610708563138115,-0.0660210368721934
0.007837622598722135,-0.06590271603742792
0.00411805275585447,-0.184553269072687
0.004118052755854341,0.10540988064627044
0.007948812804438129,-0.06045242096303127
0.004157379974214476,0.1802698212376299
0.004157379974214476,-0.26723669433628316
0.004173646756734453,-0.22796825093883655
0.0041736467567345704,0.14059454322298848
0.007841016324431288,-0.0921375922322909
0.004206438160724584,0.4656134972755481
0.004206438160724475,-0.5623153203320044
0.007985000062617506,-0.06481057137944646
0.004243370829894528,-0.04685919902003377
0.004243370829894528,-0.07598387661629857
0.004251261136415981,0.2064972862713077
0.004251261136415981,-0.3507572993576318
0.004241060244797299,-0.16331002681532425
0.004241060244797104,0.0542715769134503
0.0042578239160397605,0.16029852896502206
0.0042578239160397605,-0.33774908187492514
0.004029980459009661,0.03335642924640325
0.004029980459009661,-0.17315482214088007
0.00422105996759111,0.22471801841505368
0.00422105996759111,-0.4179605993738278
0.004194471122799754,-0.06471583121164315
0.004194471122799454,-0.1339051771553983
0.007931094565064738,-0.19319103984817332
0.004106892864441445,0.2521659143139985
0.004106892864441445,-0.4322019279962177
0.004063359201449167,0.281355744887378
0.004063359201448859,-0.4110212053577982
0.004001144461276064,-0.05007896484665508
0.004001144461275953,-0.09575027895787969
0.00790314652527732,-0.13524899164848847
0.007940056737832386,-0.030046236924256675
0.007731114538020975,-0.08358146773652209
0.004060832734797254,0.379931079762315
0.004060832734797069,-0.44466347541850126
0.007592400542647915,-0.03629087735683356
0.007520347930780925,-0.017287502441909908
0.00780850062431959,0.13268973640847292
0.007421533062649475,0.031177041264754735
0.007583656110346784,0.09356255727675489
0.0072546984086177034,0.09436161226985007
0.0071990100013821345,0.1170253671252226
0.004008012599780501,-0.2227418675109547
0.0040080125997806835,0.42118088285446476
0.007209955478364649,0.11368606127798841
0.004501510024425207,-0.062152862957397303
0.004501510024425029,0.22332853310330592
0.007404814920036933,0.05891850875669746
0.007476585584342579,0.02239342561674107
0.004362637304429578,0.19395503308908957
0.0043626373044295085,-0.1464548282994116
0.007738466579368222,-0.08613677797207941
0.004470768530129971,-0.12990569907004357
0.0044707685301298965,0.03329950707340856
0.007961019030249856,-0.19938606244904378
0.004002856792342147,0.2335465830242569
0.004002856792342147,-0.4791025607593298
0.004357934028871914,0.10512598407804319
0.004357934028872078,-0.3178058411464306
0.0040024964709541744,-0.19147998189838944
0.004002496470953938,-0.10904318497347987
0.0042408870829107525,-0.06318035061659089
0.004240887082910988,-0.17706034092930167
0.007868831171146087,-0.30726328961094396
0.007741014145446172,-0.2935892330652621
0.004050237801660687,0.3323896535153992
0.004050237801660536,-0.4921193232181551
0.007476016118227553,-0.23013154842853112
0.007777514062989538,-0.07629961015859976
0.007165165734300928,-0.1505915854451274
0.007023477201500709,-0.1194958329925413
0.007317114868580393,0.008728518879600244
0.006760503309665675,-0.044362329537534606
0.007150867080291701,0.1216823306393664
0.006521831107902191,0.01917249249819264
0.00638250930277423,0.042590788562890225
0.006782243950198144,0.1418015209920398
0.006206770819033025,0.07668836282569913
0.006632183727853186,0.17957170799846267
0.006053296126904777,0.1184003140131793
0.005976654917259312,0.14310557373832467
0.006448511533679678,0.41920304466415814
0.005927701240784651,0.2094252558063019
0.0062865228863020865,0.4869397509947504
0.0059754484350548675,0.25925401538700754
0.005989265397358827,0.27196058126836675
0.005960438322808155,0.43897695694287364
0.00610781695861951,0.23981419374445778
0.006629549381368247,0.34788550585065536
0.006354966955067547,0.14161274393124756
0.0064564462361270895,0.08652532821800918
0.0064738897889908345,0.16769322089511718
0.006678680483448828,-0.022672683530011284
0.007180198674131595,0.05041256700544494
0.006887067590781963,-0.11580720440895931
0.006918173530636594,-0.14134316049658224
0.0068273014434694305,0.08692187547913477
0.006933503371312292,-0.15814508097649593
0.007356526354197378,0.07220695852594616
0.006919831862119135,-0.14775158097980778
0.006848640303009087,-0.13394127384182752
0.007123174643373599,0.04601925084853775
0.006761360957677054,-0.11022163641862193
0.007593003687606128,-0.10415664029699911
0.0066718232140847425,-0.09266143720193298
0.0073913090856762165,-0.07964883082492236
0.006442192173476324,-0.07233116135126494
0.006492905127906872,-0.0640463417047954
0.0069516796531487,-0.04306559640104979
0.006372894161995632,-0.04447744570008183
0.006288637769819616,-0.03384320639798233
0.005620513232792825,-0.01812286934474372
0.006090618769878826,-0.013026737487976447
0.006226872409163308,-0.0547881501648817
0.005974278533848313,0.014250920409239143
0.005939131586351595,0.0243788350703511
0.00616538465953258,0.04402467296895196
0.005944385334077894,0.027360888444718512
0.006315145999895861,-0.002746285552639449
0.00600547292059503,0.008193614291535312
0.006022010046487755,-0.002839979404846815
0.006205771829514812,0.00974379208361853
0.0048669432912250435,-0.01720851337157825
0.0064818980244987405,-0.0720383455320075
0.005954951301228121,-0.01746356554195927
0.005925859684467777,-0.005777391744906879
0.006910733680297658,-0.0010210169784841128
0.005946159853216122,0.008883017664160775
0.006488464995667412,-0.0171137156636334
0.0057821795198695885,-0.04356888646850621
0.005957114905724101,-0.02712019357861095
0.006770496289047071,-0.15760418175254642
0.005956459099162835,-0.05827729952093108
0.0067816506102866,-0.23006479783591516
0.005915770871154484,-0.09230023268162313
0.005878653332184168,-0.11221850452835014
0.006559245383426369,-0.19616354050907603
0.005792141659179242,-0.12705528452708137
0.006383109352032062,-0.13362469928365783
0.005635319511793471,-0.1044909854752305
0.00550569922898083,-0.07639496733667528
0.006026196893564011,-0.0052031432928245636
0.005290177029173958,0.0012180521061395666
0.005876618245215511,0.08161497610985435
0.005168751203143764,0.06560432188373255
0.005117737488382922,0.0838526764716434
0.005754126258607813,0.1427380633614419
0.00514005807360187,0.0773611199099733
0.006024535251785029,-0.07112662637596401
0.005205213732403286,0.031809967662105976
0.005206320869865799,0.01369242127256598
0.00563526964749692,-0.039495100955313944
0.004570418908590302,-0.02123947749984012
0.005779297016073829,0.03215802206862861
0.005192571809806807,0.050058913772126346
0.0051688610931229,0.06704483542905137
0.006249547823642941,0.001385308287289888
0.00526880527254518,0.05916657084793542
0.006425916588316437,-0.03188339469091517
0.005422790148991533,0.005710184619267977
0.005470632961550238,-0.03567990181225866
0.006286214282061982,-0.04915824856285411
0.005582931308909343,-0.10128848534311885
0.006406160238395543,-0.10386394445852432
0.005672526421269477,-0.15432233479523205
0.005684794103571382,-0.18701047050021202
0.0063019705648312534,-0.17853214036062326
0.005713009802197108,-0.25072891194983526
0.006022641447072886,-0.23522960749126298
0.004851883860934838,-0.2514871646644252
0.005449309772806076,-0.30662963011501887
0.006174479735167989,-0.1578151185194585
0.005222822704247163,-0.2682922073754952
0.005919682761770269,-0.15871898826436848
0.004972140987542492,-0.19608919216473453
0.004796248951003313,-0.14795938804619624
0.0056855350671682564,0.10787939463414631
0.004538195676697908,-0.04292975223494011
0.005017276651730504,0.0713789938403977
0.004309381974251089,0.03249209784377882
0.004201916943491387,0.05028756852436089
0.004943945388047869,0.07158747668824361
0.004097392463506533,0.06141515441382239
0.004736048986233158,0.08178514469526021
0.0040330495905704,0.06450103288055686
0.003981580716248217,0.07008714363858104
0.004731175858071652,0.10194216621078311
0.003918294016533239,0.08536072092579872
0.0044334619655524215,0.07794322340299686
0.003877173454979803,0.06396821860242596
0.003845619065898232,0.0475382236935431
0.004103124297410441,0.03736472360738219
0.0037709989392732627,0.024971473387800813
0.0042948476108006315,-0.028840425587873142
0.0036974754901148597,0.008509973404237314
0.0036335609255935195,0.009624235223803623
0.003936262440437616,0.04839825712514312
0.0035359983031670247,0.03126581989247512
0.003914533050058451,0.057218041306761336
0.003489174114314179,0.04127185685574375
0.003476317735765811,0.033255764966668266
0.003989956641368404,0.0329391310139826
0.003522297545636956,-0.00782705937936612
0.0037549414109943036,-0.02350369650939399
0.0032340711185748646,-0.0702465093735043
0.0036194364202179444,-0.12232905935756833
0.004085424090593278,-0.036266289062957924
0.0037684514060817987,-0.20223849638660596
0.004142893795404369,-0.2247981547986484
0.0035563190239347215,-0.2274562757512868
0.0038913247101726115,-0.2953743961513027
0.004596339521836927,-0.22548622410094055
0.003981366222793363,-0.33337773935189574
0.004300964077971368,-0.33803925795189826
0.004109457506776311,-0.32258697314874496
0.003985000878293491,-0.35770051562194993
0.004494520441604412,-0.3399764685377846
0.003991642393802335,-0.3698957396102216
0.0046438920099416536,-0.30954296127756464
0.0039413745064380765,-0.3538209465388462
0.003854682347483396,-0.32719525043837905
0.004356115930505051,-0.27527989062262037
0.003731135618012301,-0.2610915195371035
0.004162072200238743,-0.20434734259142573
0.0036173741857872255,-0.1924396299945741
0.0035601804729535865,-0.1670493832064679
0.004112530121470236,-0.10919022563395231
0.0035570646606436665,-0.1609527107401263
0.004165453396690434,-0.17432778626998413
0.00349515736412543,-0.16265254516005
0.003762188857566821,-0.14396683207993988
0.003562516245577004,-0.1240445536987238
0.0032695718374123597,-0.10137071779974605
0.0036762183014614094,-0.07056320858864495
0.003175672842091886,-0.05435423040917442
0.0033506372528222268,-0.040879774849088335
0.0033007541562497687,-0.052224536005212485
0.003210074298205577,-0.05581102995883214
0.0034619539280585387,-0.12349124857533411
0.0033643639814978405,-0.1190810935301343
0.0034424409944107657,-0.15493143794009967
0.00375737807520088,-0.09936528344919537
0.0035312390176819824,-0.204358159434733
0.004035359959161023,-0.1564019125641991
0.003559433241402344,-0.27724172610894726
0.0037536820589922455,-0.281172502213515
0.003504717534980524,-0.287106417236096
0.0033010168130441202,-0.27984268643032806
0.003515796495817152,-0.1875126414519812
0.0030820053536618043,-0.2239265911866255
0.0029591573124792847,-0.19076266405333797
0.0029586890678136475,-0.09118276532316827
0.002762297594395001,-0.13135200323781504
0.003048174535685209,-0.05750851723381345
0.0026481474656823373,-0.08707419710945175
0.002766441757926591,-0.042875909628612874
0.0026229908501556273,-0.01795818693543083
0.002468129656237736,-0.030378249436459726
0.002903293646877616,0.022198928320321443
0.0024248583463782046,-0.03012287707718997
0.0026783227960796457,0.00018837141565342108
0.0024965570291903983,0.023802217476749377
0.002361085555417252,-0.011897954338934369
0.0026849560517818566,0.06213592634646403
0.002306985262198268,0.014508360444224877
0.0024046931197140397,0.1077583428508504
0.0022944936260534863,0.07459868613756271
0.0022082402496105174,0.04721774030652881
0.0026104015016851093,0.056144959048907594
0.0021580569964670354,0.0743107769035305
0.002381744108841225,0.09598827519302233
0.002314137636356155,0.09533492226577778
0.002151997444236408,0.09296728888048023
0.0025655833644611867,0.09434941415154441
0.0021911542620271537,0.07891093145509132
0.0024279829076828264,0.06629831494847593
0.00229423146173181,0.0462036752742776
0.00217549189839905,0.06595837545423677
0.0026011970321373284,0.04834735123384348
0.0021654680787303784,0.0705337775451298
0.0023544581117530684,0.06341419476438404
0.0023096711887192886,0.05269744434345114
0.0021953744555314523,0.0494877947857546
0.002624981904699575,0.04935936476959313
0.0022499799999111197,0.008918469808413931
0.002448062499202146,-0.027405938199265734
0.002317479881250329,-0.05283305950473505
0.002143694940983926,-0.09585850236967985
0.0022119697104616646,0.006131056278370295
0.001753535856491137,-0.018028821268131878
0.0025161216186821963,-0.10476832277126391
0.0026304678291132868,-0.17991803790693695
0.002382755547679976,-0.18546001402607004
0.0029205766553884725,-0.16500004074544705
0.002271445795082944,-0.1588494743614035
0.0025334200204466515,-0.1283295326371814
0.0023965208115099283,-0.0926381067934301
0.0020599271831789985,-0.08992067039125118
0.0023324933011694047,-0.05726794727597451
0.001911393470743238,-0.06256224182887848
0.001999918248329191,0.046865691509978546
0.0020654336106493264,-0.05666074234598284
0.001910944530853807,-0.0869748131592587
0.0021935892961081013,-0.10539365180817128
0.0019246869875384695,-0.14120327708250358
0.002051190142331996,-0.05722246090717675
0.0020005529235689198,0.026767816820402857
0.001972038792721888,-0.23493292578505987
0.0020421214459478035,0.0809179637769546
0.0019523957078420285,-0.2445608018459282
0.0021610620074398604,-0.26503955668538026
0.0021244041517564857,-0.2736064632348274
0.0018720109508226848,-0.24551503817628628
0.0022580544723278693,-0.2958772297386716
0.0018250369859265513,-0.2398201683830905
0.0018750541325519752,-0.22582004160856428
0.001859443465126043,-0.23082195533410044
0.001787647616282333,-0.2614498127603895
0.0017534118170013586,-0.11645891647984996
0.0018431766057543483,-0.304836431868992
0.0018139040768463779,-0.24595624957540707
0.0019280259334355726,-0.35150921249897493
0.0016027557518224667,-0.27190761050657386
0.001822122937674615,-0.3254412692130657
0.0019269813180204805,-0.35730585178051655
0.001968835696547593,-0.3587676232691095
0.0020320989149153106,-0.3889603893081883
0.0019536726952076137,-0.38266152331008385
0.0022129844102478495,-0.4427513288757723
0.0020900038277476946,-0.44888764495236444
0.0022466423836472044,-0.4970385669501951
0.0023489063412575487,-0.5500871015662838
0.0024434537032651206,-0.6026842088893787
0.002610043869363173,-0.6735423844173738
0.0026286926408388154,-0.6856719917300751
0.002672591626118754,-0.7710458630967025
0.002689931225886543,-0.7189013783779643
0.0026347434410205015,-0.7139256329965065
0.002247418074146345,-0.7020538523649975
0.002621234060514266,-0.7439971930991902
0.002513186224695706,-0.748073504807067
0.002489010445940332,-0.7746932884008402
0.002539830703019362,-0.7530275156601505
0.0023740905627208314,-0.780392176498907
0.002471938510562027,-0.7589569873674549
0.0021698546034239455,-0.7448800559712225
0.0022453589913419758,-0.7916711362644122
0.002383908765032666,-0.792276588644313
0.0019932398250085497,-0.8319711413329145
0.002358294722887725,-0.8128426206657906
0.0024286197726279476,-0.8159407830931826
0.0018820427731590728,-0.7511096901448582
0.002656601023864822,-1.2981348025913775
0.0025711153221900512,-1.523201161259152
0.002629631152842451,-1.3090618065657225
0.0019800568173667333,-1.1122751156046888
0.0009259460027453765,-1.2306776852470591
0.002272559130143947,-1.1428289980706268
0.00198076374159048,-0.9689337132559501
0.0019750283542268572,-1.090840730058659
0.0017373856796923657,-0.9202503711139371
0.0016114155267962509,-0.8772339472386363
0.0015257919255258824,-0.8131473956668742
0.0013017104132640443,-0.7236141057451277
0.001316406092359012,-0.8127862392040726
0.0011126207799605472,-0.7288114149064029
0.0010275378338533436,-0.6976640226926492
0.0009911861580954343,-0.6732726185772719
0.0006533704921405754,-0.6053235365570373
0.0007952138077272115,-0.6382671733500445
0.000652931849429968,-0.5648460577387198
0.0006630897375166471,-0.5297963291745162
0.0006069761115563316,-0.525477772820409
0.0006201225685297406,-0.45621401145351115
0.000524264246349124,-0.4821280491140669
0.0005070009861923256,-0.4781530465613031
0.0005936143529262731,-0.36090007489158893
0.00039304071035962246,-0.402551371066167
0.0006722477221977318,-0.33308498519423324
0.00039941081607771094,-0.30135706953100794
0.0005930935845211747,-0.19631192344519377
0.0005839666086343173,-0.10524814565003737
0.00039931065600618475,-0.03309754835812839
0.000899928886079347,0.08186103112431908
0.00039408755372369574,0.10298434504427689
0.0004107614879708666,0.1686643157161427
0.0009073174747573111,0.27831152154298877
0.00046946458865388806,0.326034234868402
0.0009787997752350357,0.4908209077140384
0.0005737612743990354,0.4886105951636779
0.000631760239331324,0.5204408447106346
0.0015917427555983707,0.6309401489846778
0.000920626417174818,0.42550076203350784
0.001907822056691752,0.3719507312794974
0.0011799478802049738,0.27171515906361776
0.001641154776369424,0.21440031012205907
0.0017383834444678358,0.12360958446681991
0.0015078915743513938,-0.01256558065793456
0.002373045511573714,-0.17932132283452518
0.0019369566334846643,-0.2535962963096807
0.006555434429201134,0.0280462328477995
0.006555434429201123,-0.19212101359947553
0.006555434429201123,2.717435599073937
0.0036610278611341443,-2.6261084753323445
0.006246552048930683,-0.0372880455614677
0.006246552048930683,1.4908297847920693
0.0010614259277029546,-2.7769749902900145
0.0015251311419021327,-1.6277099616934265
0.000953211938657828,-0.8091108880641116
0.00017455371666050585,-0.31366706188370586
0.001074944184597516,-0.18814296748738002
0.002067557254346338,-1.4640400979935606
0.002930669889291691,-1.2345281074103411
0.0021157610923730865,-1.0255860589060148
0.001959229695569198,-0.820128975665483
0.002565088107648513,-0.4768860813089191
0.0014806876780739308,-0.9564725022488716
0.002338899741331283,-0.3328234961440302
0.0014727555805360358,-0.5154861775493771
0.0010057832768544796,-0.43002376354660043
0.002184838666812755,-0.03839006938991929
0.0002540019684962861,-0.3578545047959949
0.0022089463551657634,0.1439450502802373
0.00024534873140079014,0.01651800685195326
0.0007406247362869069,0.0692970722147237
0.0023090171069093837,0.3130086152416567
0.0013851039672169295,-0.08095722392305049
0.0023094572955567115,0.39248638283741855
0.0007645456166900781,0.22484389655633663
0.0008825803079606803,0.2908198430851172
0.0023699031625785574,0.5172911425419215
0.0021950683360660445,0.24123216572620265
0.0023277038041812775,0.6190308597821996
0.0011522933654239478,0.5230582975685252
0.0011454662806035603,0.5825767515457159
0.0023995370386805555,0.7864123157003178
0.00196978704432742,0.7379319717926194
0.0023011371102131355,0.9453775760678269
0.000718668908468916,0.7977854646700706
0.0005776244454660727,0.7701872610893474
0.002213767828838392,0.9044960733181
0.0031932682317651413,0.5873138496467618
0.002098316706314865,0.721129582752738
0.001995160645161156,0.20847133721510147
0.0005961115667390035,-0.03474617209944597
0.001962126397559568,-0.299074155192514
0.0009673923712744439,-0.9373542846460907
0.0019379641379550854,-0.5086581342859517
0.001992940541009767,-0.5970778653793047
0.0022018614851984785,-0.8257980418578228
0.0018846307330615695,-0.6422809217206975
0.0018116611162134948,-0.8199657284746991
0.0018212064682511877,-0.6692240148818058
0.0007261542535853093,-0.7759059451480681
0.0007731267683892483,-0.7643031184337303
0.0017898139568122912,-0.6906634072376789
0.002689554609968076,-0.8429344474593563
0.0018050778376569672,-0.5949250736620826
0.0011856491892629957,-0.09627796898567453
0.0011193658919227464,-0.1459327602922258
0.0016023114553669147,-0.33957227437025495
0.0006877448654842713,-0.2728669526142795
0.001482476643998158,-0.22392173604367827
0.0014165383863489207,-0.3791013329637991
0.001398885270492221,-0.12073680365628547
0.0013828076511215258,-0.06931271795420457
0.000973383788646577,-0.13209345825070784
0.001339602926243369,0.030822702702238303
0.0008661131565794728,-0.036715160006082215
0.0002695366394389028,0.03273929316743818
0.0012924275608327683,0.18177947174447695
0.005029394595773931,0.3745954174977868
0.0050293945957739184,-0.565127332093283
0.0008768910992819844,0.2851121298658228
0.0032961365262987306,0.2606142697001559
0.003567372702704383,0.3449247664951258
0.0008217761252312121,0.421315368549827
0.001387199336793237,0.5631020474220065
0.0007970225843726054,0.5240294433294821
0.0008285608004245917,0.5208300965654757
0.0007852451846398074,0.49277138012830335
0.0006823672031977888,0.46600892048988385
0.002391361327779572,0.6372120453692105
0.0005803318016445235,0.4043380940536849
0.0005502453997990325,0.4039578002390556
0.00046896588362056794,0.3573510925593837
0.0004986882793890538,0.28790653115744647
0.001982084761053412,0.3862029812664787
0.00041153493168875535,0.17198051394520064
0.0004182164511349386,0.10915926159987066
0.0007392597648998829,0.045804050531288
0.00040347614551538896,-0.026313932554089092
0.0003056795707926767,-0.0989019295193998
0.0004300430211036754,-0.15114352050763102
0.00017340415219938083,-0.2095987381079425
0.00022410042391759422,-0.2578201044617572
0.0004953271646093254,-0.2911348334120305
0.0007720777162953846,-0.3511112124714799
0.0005245274063381436,-0.3472480952375605
0.00029905517885501067,-0.3840029636141935
0.0003596720728664191,-0.4116899087476469
0.0005875721232326479,-0.4077397135104661
0.0009900005050504633,-0.42700741722386226
0.0006272798418569878,-0.43891012623858217
0.0004342349594401442,-0.4413554150372079
0.00048073797436858323,-0.4539421786471962
0.0007014413731739436,-0.46812456752735443
0.0009139020735286224,-0.42870178469355835
0.0006018945090296226,-0.3173159196866635
0.000338155289770805,-0.27254220637250626
0.0002642006813011426,-0.20681207519348277
0.0003674479554986214,-0.139300826854992
0.0007744527099830583,-0.09086778772436332
0.0002799589255586993,-0.02376713830683741
0.00037447696858422134,0.04754043996418034
0.0004743806488463365,0.0946607763906826
0.0004075929341880356,0.13873949425448018
0.00046651152182989046,0.2207131772258748
0.000545201797502585,0.2651583793331014
0.0004620876540225345,0.288665349091346
0.0005374904650315643,0.3076315077251337
0.0004891676604192206,0.3115889190636665
0.0008169895960170034,0.32971334995437473
0.00041220504606323966,0.276802953826234
0.00038008946315312155,0.25608845991516205
0.00030419894805877167,0.22428504235382718
0.0003285863661200851,0.20253941058571456
0.0008510052878800545,0.5022012718206668
7.335529974039854e-05,0.16739300001233914
6.93108938046831e-05,0.146159677512955
4.5343136194920646e-05,0.10730846145276018
0.00030480321520614433,0.05688095729006193
0.0002494012830760676,0.09757204043135914
0.00015766420012164914,0.03445976486004554
8.060397012550147e-05,0.012938368392667599
0.00012496399481456746,-0.025897581541173054
0.0003951822364429423,-0.09270283173577809
0.00011951987282460455,-0.09410306847364325
0.0001923330444827047,-0.1210461832227736
0.00012408464852672814,-0.13520917965404067
0.00018816216410313458,-0.18572507895882495
0.00048610286977139627,-0.21251756337973404
0.00018189282558700326,-0.23485590813054102
0.0003152982714826461,-0.2617832625117984
0.00023306007809150564,-0.2264293859202411
0.0001961147623203992,-0.26460572510237057
0.0005597320787663185,-0.29411651134699923
0.0003040213808269625,-0.288171937259591
0.00031720025220668795,-0.28472195373296927
0.00025470178640913754,-0.18236025528835853
0.003091593925469416,-0.40687596267015635
0.0003340733452400676,-0.10992810389491581
0.0002922464713218375,-0.052346692548837837
0.0001145862120850643,0.029686643163316262
0.0001795466513193808,0.09038697058244338
0.00020537283169886562,0.11122290432375337
0.00037010944327319536,0.13758835655403345
0.00023254461937443157,0.16829488979583118
0.00023990831582084874,0.171243480050137
0.00021653637107887125,0.16882838190143445
0.000120282999629985,0.16811773755652837
0.000350178525897853,0.12662143813507498
9.656603957925567e-05,0.13595086889463914
4.6324939287459476e-05,0.11145063176385861
3.5057096285923557e-05,0.0898812140666223
6.260990336995742e-05,0.03773612010567717
0.0003258481241315053,0.011712910298228962
0.00014430869689656184,-0.009335452872903716
0.00013201893803538295,-0.039299831470401614
7.517978451679893e-05,-0.04882137725067537
7.942921376928301e-05,-0.06960724515022321
0.00036574444630085347,-0.09993869739177796
0.0001378767565618152,-0.1083741240727818
0.00019423954283305284,-0.09694529773322813
0.00021333776037074545,-0.10793624297949123
0.00017000294115103264,-0.1520934189083789
0.0004026574226312137,-0.16587426949644168
0.00019376790239871783,-0.15666078960431662
0.00015348289807010635,-0.12555299543500098
0.00036021243731999624,-0.10556159680903932
0.0005502117774093409,-0.015077502798604314
0.00029881934341658784,-0.0230847013217641
0.0001096038320498413,0.04334241022850449
0.00012020399327810794,0.049226094192704295
0.00014869095466769132,0.07698522807599772
0.00013565028566134006,0.07872726762715843
0.0003309697871407044,0.07122218337052288
0.00010406248123116744,0.06926348238550872
0.0002025561650506219,0.04902161744860223
0.0001831829686404919,0.048678706308947994
6.935416353769298e-05,0.028424958425929958
0.00031520310912178166,0.002462584603406981
7.84920378127556e-05,0.002893071964564342
0.00010630145812735358,-0.01576381612774469
6.030754513325843e-05,-0.027866130655894494
8.660831368861399e-05,-0.0432410433414816
0.00033567990705438757,-0.06917875940683871
0.0001670927885936962,-0.06736725365978202
0.0001404706375012394,-0.08586438182889822
0.00014047063750122636,-0.07453629769594272
0.00012001666550927452,-0.05464778331794662
0.0003256316937891796,-0.04827689882819186
8.285529554586836e-05,0.00548925936134026
0.0002077907601411458,0.020434393865315315
0.00020130822139191953,0.026408083210384348
0.00010846197490364791,0.03254756486936117
0.0003021737910540362,0.023198418786108732
0.00031411622053006315,0.018655464605487282
0.0006018056164576811,0.006796061594315006
0.0001834148303710884,0.05955834782425029
0.0003012042496380225,0.021463095447160185
0.00031529351404701043,-0.022333824718131723
0.00017501142819836623,0.030781787819407214
0.00012035364556171925,-0.0071132848869552845
6.462971452822418e-05,-0.005364145408364607
0.0002546095049285102,0.021819744817634046
0.0003281600219404948,-0.03131351886791833
0.0002538601977467111,0.03447471368544086
0.00021421951358371666,0.03323423841639794
0.00024749343425637684,0.04353566420152788
6.184658438421232e-05,0.012335175464841086
0.00032622078413256303,-0.0026303174666395535
0.00011294689017403659,0.022290175158389047
0.00012624183141894657,0.013317108842599623
3.710795063070376e-05,0.022884433255399017
0.00018936208701847282,0.004040602883023325
0.00036448593937211916,-0.018997692383777576
8.03056660515121e-05,-0.014049376210564901
2.501999200633543e-05,-0.01552173110995625
0.00011923086848615281,-0.026043917638034486
8.947066558389127e-05,-0.027321216509079704
0.00036812633700930494,-0.01664389449476289
1.868154169212763e-05,-0.02040669265220174
5.580322571309754e-05,-0.015701457187404344
2.617250465646554e-05,-0.013975984582359047
4.738143096183826e-05,0.01354811794490729
0.0003685919152667805,-0.01294538100970044
0.0002542754412050223,0.04391897499252195
0.00014220056258668366,0.006588354054429146
0.00014656397920378102,0.00233893244688943
0.00014712239802282376,-0.0049853150425889226
0.00035636638449771274,-0.017647535985375384
0.0002090382740072657,-0.00030568846983669573
0.00014930840565773108,0.004941296615683655
0.00012149074038784557,-0.005220234185941308
0.0003443718920005484,-0.015507256973364747
0.00013038404810400796,-0.0051723349259447104
0.00015716551784679782,-3.119291567088567e-05
2.6999999999999247e-05,0.001355591825756619
9.660745312858728e-05,0.0011562530386015624
1.5231546211692027e-05,0.002519269154802828
0.0003344398301638947,-0.015033085687960579
1.4142135623725467e-05,0.0055584006171613964
2.0124611797356868e-05,0.007138049890556886
5.220153254473522e-05,0.007971570662277827
0.00034047173157252783,-0.016175699086915074
0.00020066140635404694,0.04402493270643504
0.00013951702405073045,0.02770520444848046
0.0002591871910416188,0.03772778135119381
6.815423684566995e-05,0.004470212139125351
8.668333173093573e-05,-0.018522615561622047
0.00033953644870618954,-0.015633138893875298
9.069729874702238e-05,-0.019828091352707133
5.770615218503423e-05,-0.020169664659661635
1.8439088914562068e-05,-0.02179900979885474
2.2090722034341333e-05,-0.02272728558419601
0.00034170894047420256,-0.0160276352898876
9.677293009928862e-05,-0.02181804326627912
5.98080262172403e-05,0.0009045452478488869
0.0001996121238803141,0.015294616206617206
0.00033815528977090874,-0.015611481240298986
0.00032108098666845875,0.040887826357362655
0.00019067249408361755,0.03916173648264021
7.203471385361033e-05,-0.0032325295515107655
0.00018848076824973635,0.0031698233891859218
0.00017094151046497815,0.028357548502995655
0.00033366150512169384,-0.01518108067847379
1.8384776310791626e-05,-0.006025583804046164
2.2561028345358605e-05,-0.00385014283011742
0.00033701335285121075,-0.015126738386115335
0.00045534272806325,0.023486547827118898
0.00033485817893553577,-0.015761232410284265
0.00013060245020682173,-0.00952656478972358
2.999999999990788e-05,-0.010122234912202543
5.9211485372381406e-05,-0.01747201518784891
0.000337191340339519,-0.01526933597574498
6.859300255852496e-05,-0.011562787436275812
5.632051136137122e-05,-0.009384224036210753
6.0299253726675175e-05,-0.005500968532516026
0.00015882380174262001,0.013779022786181372
0.00022461522655428938,-0.0011778359339444933
0.0003308368177819201,-0.0154050943101538
0.0002634331034627843,-0.01099399274211521
0.00018134221791969295,-0.009012407359747954
3.8832975678096994e-05,-0.016488732328781452
1.7204650534005665e-05,-0.02110393958842849
0.0003171009303045736,-0.015343135742810432
5.889821729055318e-05,-0.01804151774219065
5.544366510253285e-05,-0.016489506468147397
0.00026341222446953435,0.0031210105866961158
7.43034319530277e-05,0.007776084994489452
0.00029772470505487616,-0.015460005910441055
0.0001636826197248585,0.0076669640507418535
6.129437168288708e-05,0.0017633358151414313
9.980981915628503e-05,0.007311633463075395
0.0002912078295650158,-0.015520802680924817
8.045495634199968e-05,0.016130059588405743
6.200806399168919e-05,0.01614158914904351
6.463745044465869e-05,0.0172626061053478
0.0002965215000636419,-0.015457878028854566
0.00046338968482259027,0.03701052222450585
0.0002946353678700381,-0.015291985470142322
7.632168761230579e-05,0.006452551412422736
0.00021476731594913639,-0.0025622920800003612
0.0002232353018677821,-0.005216081787011717
0.00028589683453992865,-0.015182810465915964
0.00020242529486203448,-0.008568966708295989
2.158703314492392e-05,-0.01631483786144372
6.400781202328505e-05,-0.0068375837124534655
5.115662224973597e-05,-0.005329982105720887
6.800735254352688e-05,0.01658146399073246
0.0002869233347081683,-0.015477754188850668
4.7095647357175077e-05,0.022290582802639847
2.9154759474169978e-05,-0.0076051192667847545
1.6278820596034146e-05,-0.012110813154336597
2.1470910553503236e-05,-0.011047009826683052
0.0002912387336877859,-0.015776143109277996
0.00022432119828494652,0.01315216257847851
0.0002349170066216564,0.0048938097222759325
0.00022915715131749506,0.003117816541276852
0.0002771425625918583,-0.01537276658915232
0.00010807867504738796,0.0011010088901173276
0.000197729613361213,0.006715584432328114
9.749358953299758e-05,0.0030665199920889563
0.0001092748827498411,0.0015362483045038289
0.0001092748827498411,-0.002534101574880765
0.0002608696992752797,-0.01554836314524266
0.0001194361754243735,0.004060217394140864
0.0001104626633753211,0.009365320022908463
0.00011269871339117168,-0.0011043208695724616
9.228217596034675e-05,-0.0017697369260787355
0.0002577692766796953,-0.015687368133853852
8.523496934942541e-05,-0.0043421646012404835
9.013878188667448e-05,0.034076339416586165
0.00017270205557546174,-0.017439775323467188
0.00016413713778435182,-0.02028668488178198
0.0002701499583563436,-0.015356276557795923
0.00019258504614828083,0.013618355255232473
4.661544808321195e-05,0.010384383467808789
6.826419266360485e-05,0.009302862312139837
3.5355339059284226e-05,0.010022984507756405
0.00026599436084239007,-0.015601673136856675
5.575840743772645e-05,0.012041600541522257
9.123595782358575e-05,0.001816153703870782
2.846049894150877e-05,-0.01172570662419048
7.623647421014924e-05,0.0003583181101163291
0.0002699407342362475,-0.015256648054645439
9.437160589933954e-05,0.021299565017599775
6.090155991421861e-05,0.019930196895600716
6.860029154460055e-05,0.018175466191323153
0.0001163615056624549,0.006944717770920761
0.00027508907648249916,-0.015518512312056032
0.00014644111444533426,0.009665910855915172
0.00021561307938058918,-0.0017330593399407235
0.00022138202275704107,-0.002584812658298574
7.240165743967265e-05,-4.1187034383938226e-05
0.000263096940309082,-0.014988077450311721
3.40147027034794e-05,-0.0064902205630374965
4.031128874143598e-05,-0.004647975380763114
3.6359317925488536e-05,-0.0039050713002239945
3.383784863130365e-05,-0.013456375632458162
0.00026878430013687276,-0.015446578580679216
0.0001834121042898792,0.013915540674076965
0.00011216059914237551,0.00509347505368396
0.000200032497359919,0.007490427636511754
0.00024268910152699371,0.04501650192383977
0.00026050911692299626,-0.014746670085074243
0.0002589903473104714,0.03411110031260023
0.00010060318086429212,0.02654827055499709
9.280086206488796e-05,0.025967092541364423
4.2201895691973124e-05,-0.0019570794791690105
0.00026054750046778725,-0.01576469015691373
5.629387178028793e-05,0.001279560829999582
4.9030602688574086e-05,-0.0006910013887164723
5.5785302723920505e-05,-0.0019576905914817644
6.484597134736657e-05,0.0007543716351250396
0.00026792722892605584,-0.014844371855090799
8.052328855680944e-05,-0.002741266832515521
9.244457799136131e-05,-0.007123658490741036
8.475848040174396e-05,-0.006724929484903441
7.715568676381956e-05,0.02042022854384129
0.000269584866044064,-0.014927376707120743
4.883646178825077e-05,0.006780278184820077
5.7008771255029494e-05,0.0049054307941105435
6.708203932511043e-05,0.011401642552797853
4.570557952796018e-05,0.013616233988201998
0.000280417545813377,-0.01567969178177009
6.865857557512907e-05,0.00667579159056686
7.984985911062361e-05,-0.012770647108737876
2.061552812812642e-05,-0.014564131779522427
3.6359317925488536e-05,-0.01250363817342759
0.0002915287292875647,-0.01528413400480133
1.4866068747281096e-05,-0.01197984119943385
2.002498439440993e-05,-0.01318055062914425
0.00019670282153545318,0.008974404119044266
0.0004161730409336963,0.09108477876635845
0.00029075935066647386,-0.014991311987841982
0.00019345800577901635,0.03172272368070139
5.103920062072269e-05,-0.0035950705014755613
8.273451516740622e-05,-0.00011994725568342801
0.00021198348992315522,0.00655873706806176
0.00028540672732093166,-0.015337449499654099
0.00017147011401414002,-0.0044671027615237335
5.166236541246335e-05,-0.0017116277592208462
4.8507731342446796e-05,-0.002749281361460021
4.7885279575348095e-05,-0.006877063773899295
4.404543109124543e-05,-0.015059585618146798
0.0002834783942384073,-0.014821899849337683
4.4102154142333235e-05,-0.014388979850423311
3.705401462736258e-05,-0.012303232914121054
2.9068883707554026e-05,-0.012417356217412134
1.910497317450234e-05,-0.010601628890626102
0.0002860943900183854,-0.015385612400237392
2.5806975801160144e-05,-0.010920228916617702
1.4999999999965042e-05,-0.00817041803422569
1.5524174696220125e-05,-0.004298543753336048
1.5524174696246942e-05,-0.0028515806313720304
0.000288293253476413,-0.01534821904668604
3.4828149534531776e-05,-0.00759971741919685
0.00029671872202488645,0.008792593699538997
0.00023657768280197292,0.006716554390663987
0.0002160948865661325,0.00523443963773218
0.00027201838173180975,-0.015147016659796009
6.24339651150347e-05,0.016943091534301402
4.2000000000097515e-05,0.024865657993956347
4.244997055350439e-05,0.017656990303237308
0.0002823118842697868,-0.015855876911075484
5.4378304497282715e-05,0.008320191968678614
0.00017366634676867836,0.002048677005845434
2.9732137494607e-05,-0.011187818587487186
2.624880949675503e-05,-0.012296461530397096
0.0002773463538610318,-0.014934873258567904
0.00022571885167157072,0.010345286221379979
0.00018753666308232188,0.008779282676144362
0.0001015184712257359,0.0033546899177423484
4.770744176735267e-05,0.006118477258979738
5.643580423806022e-05,0.007176271505556997
0.0002654806960966303,-0.01573986067892008
4.973932046179535e-05,0.005010592172197903
4.738143096183826e-05,0.011734590919090238
0.00020183656754916952,-0.0006877205548505572
0.00011150784725750295,-0.0021385545170744535
0.000263096940309082,-0.01571936629838433
6.824954212307854e-05,0.010162890731464813
5.108815909780259e-05,-0.005783218213579744
4.2544094772473084e-05,-0.009049551973859593
2.507987240786672e-05,-0.0068789889022013995
0.0002699407342362475,-0.015201734639163078
2.059126028202964e-05,-0.005768294326415457
0.00021290373411471692,0.012401708365302966
0.00011452947218958902,0.011449682931598204
9.16787870774217e-05,0.01251345116187963
0.00026720029940098755,-0.015719193287921485
9.706183596040361e-05,0.007923815550412883
9.26552750790611e-05,0.005110620689109169
4.622769732542016e-05,0.008960439626378047
0.0002673667892615231,-0.015650786141961248
5.4708317466281005e-05,0.009156150115856576
2.549509756795023e-05,0.006790620384180102
7.863841300537006e-05,-0.004649373273252877
3.79473319219444e-05,-0.010470281333965659
0.00010632027088006135,0.016193848515285936
0.0002725233934912613,-0.01586389952053935
0.00029765920110085383,0.02975481170601313
0.0002271783440381985,0.012319584264162131
7.280109889297178e-05,-0.0038829739382464368
1.063014581274528e-05,-0.01431272385191562
0.00027071202411435574,-0.015953750278924872
1.5264337522323548e-05,-0.008264771104506963
2.154065922866264e-05,-0.003346801379166209
8.228000972283813e-05,0.006846469973424973
0.00028109073268249834,-0.01575767131318173
6.0876925020931677e-05,0.0069321521867919955
6.562011886607101e-05,0.001682337662145983
2.6305892876012987e-05,0.0059988310944589784
4.681879964302017e-05,-0.00835629308312491
2.7202941017436873e-05,0.00014170169018257184
